,UnderlyingSymbol,UnderlyingPrice,OptionSymbol,OptionExt,Type,Expiration,DataDate,Strike,Last,Bid,Ask,Volume,OpenInterest,IV,Delta,Gamma,Theta,Vega,m,tau,InterestR,ForwardP,Mid
0,SPX,1009.38,SPZ031018P00750000,,put,2003-10-18,2003-09-24,750.0,0.1,0.1,0.15,1059,732,0.2942,0.0,0.0,-0.0749,0.0323,0.7430303750817333,0.06575342465753424,inf,inf,0.125
1,SPX,1009.38,SPX031018C00800000,,call,2003-10-18,2003-09-24,800.0,212.0,207.4,209.4,1,4,0.1773,0.998,0.0,21.9813,0.0002,0.7925657334205156,0.06575342465753424,-1.5612949710672774,910.8981298878753,208.4
2,SPX,1009.38,SPX031018P00825000,,put,2003-10-18,2003-09-24,825.0,0.25,0.1,0.5,113,2394,0.2942,-0.0031,0.0001,-5.6572,2.4321,0.8173334125899067,0.06575342465753424,0.029298996854894954,1011.3264543695356,0.3
3,SPX,1009.38,SPX031018C00850000,,call,2003-10-18,2003-09-24,850.0,161.5,157.7,159.7,1,1417,0.1773,0.998,0.0,21.3083,0.0667,0.8421010917592978,0.06575342465753424,-0.6392955142756642,967.8292630058676,158.7
4,SPX,1009.38,SPX031018P00850000,,put,2003-10-18,2003-09-24,850.0,0.5,0.3,0.6,1455,12730,0.2942,-0.0099,0.0004,-15.6481,6.7176,0.8421010917592978,0.06575342465753424,0.01647432346960545,1010.4739964332523,0.44999999999999996
5,SPX,1009.38,SPX031018C00875000,,call,2003-10-18,2003-09-24,875.0,138.8,133.0,135.0,80,3650,0.1773,0.9973,0.0001,20.2055,0.6437,0.8668687709286889,0.06575342465753424,-0.26482867699860213,991.9554207340556,134.0
6,SPX,1009.38,SPX031018P00875000,,put,2003-10-18,2003-09-24,875.0,0.85,0.6,0.95,855,10330,0.2942,-0.0261,0.0008,-36.0366,15.4425,0.8668687709286889,0.06575342465753424,0.011438034578103613,1010.1394300926157,0.7749999999999999
7,SPX,1009.38,SPX031018P00890000,,put,2003-10-18,2003-09-24,890.0,0.8,0.8,1.3,137,19429,0.2789,-0.0357,0.0011,-44.3459,20.0141,0.8817293784303236,0.06575342465753424,0.007785064455026913,1009.8968284904898,1.05
8,SPX,1009.38,SXB031018P00900000,,put,2003-10-18,2003-09-24,900.0,1.5,1.2,1.55,2902,24209,0.2727,-0.0464,0.0014,-53.746,24.7795,0.89163645009808,0.06575342465753424,0.0059632023390873284,1009.7758564856586,1.375
9,SPX,1009.38,SXB031018C00915000,,call,2003-10-18,2003-09-24,915.0,99.0,94.2,96.2,2,25,0.1773,0.9836,0.0008,7.4076,9.3463,0.9064970575997147,0.06575342465753424,-0.03280393505647864,1007.205142934239,95.2
10,SPX,1009.38,SXB031018P00915000,,put,2003-10-18,2003-09-24,915.0,1.35,1.55,2.05,861,22279,0.2548,-0.0621,0.0019,-63.373,31.1993,0.9064970575997147,0.06575342465753424,0.0022171891865811894,1009.5271659987693,1.7999999999999998
11,SPX,1009.38,SXB031018C00925000,,call,2003-10-18,2003-09-24,925.0,88.0,84.6,86.6,454,3905,0.1773,0.972,0.0013,-1.3473,15.4141,0.9164041292674712,0.06575342465753424,-0.022020609666670004,1007.9195454867622,85.6
12,SPX,1009.38,SXB031018P00925000,,put,2003-10-18,2003-09-24,925.0,2.45,2.25,2.7,4171,21248,0.251,-0.0824,0.0024,-77.7455,38.793,0.9164041292674712,0.06575342465753424,0.000568149749269567,1009.4177089121758,2.475
13,SPX,1009.38,SXB031018P00930000,,put,2003-10-18,2003-09-24,930.0,2.2,2.45,2.95,100,1998,0.2445,-0.0906,0.0026,-81.3723,41.6382,0.9213576651013493,0.06575342465753424,-0.0006660592920899044,1009.335794485059,2.7
14,SPX,1009.38,SXB031018P00935000,,put,2003-10-18,2003-09-24,935.0,2.75,2.6,3.3,906,2610,0.238,-0.0998,0.0029,-85.1396,44.704,0.9263112009352276,0.06575342465753424,-0.001914849764643435,1009.2529190543065,2.95
15,SPX,1009.38,SXB031018P00940000,,put,2003-10-18,2003-09-24,940.0,3.5,3.3,3.7,3031,5257,0.2372,-0.1155,0.0032,-94.3506,49.6575,0.9312647367691058,0.06575342465753424,-0.0031549902489288323,1009.1706244104939,3.5
16,SPX,1009.38,SXB031018C00950000,,call,2003-10-18,2003-09-24,950.0,66.0,61.6,63.6,19,15444,0.2289,0.8526,0.0039,-86.8235,58.2394,0.9411718084368622,0.06575342465753424,-0.01307621707514859,1008.5125019584315,62.6
17,SPX,1009.38,SXB031018P00950000,,put,2003-10-18,2003-09-24,950.0,4.6,3.9,4.6,11560,34207,0.2248,-0.1413,0.0039,-103.1573,57.1225,0.9411718084368622,0.06575342465753424,-0.005360938406315272,1009.0242561933878,4.25
18,SPX,1009.38,SXB031018P00955000,,put,2003-10-18,2003-09-24,955.0,4.9,4.5,5.2,146,474,0.2211,-0.1592,0.0043,-110.0292,61.853,0.9461253442707405,0.06575342465753424,-0.006379665403825008,1008.9566691802908,4.85
19,SPX,1009.38,SXB031018P00960000,,put,2003-10-18,2003-09-24,960.0,5.1,5.0,6.0,141,3041,0.2169,-0.1786,0.0047,-116.4018,66.5876,0.9510788801046187,0.06575342465753424,-0.0075484518964180625,1008.8791321097924,5.5
20,SPX,1009.38,SXB031018C00970000,,call,2003-10-18,2003-09-24,970.0,47.5,44.5,46.5,64,9,0.2131,0.7696,0.0056,-112.9414,77.1319,0.9609859517723751,0.06575342465753424,-0.015008489276118576,1008.3843750402154,45.5
21,SPX,1009.38,SXB031018P00970000,,put,2003-10-18,2003-09-24,970.0,6.3,6.7,7.7,115,967,0.2104,-0.2258,0.0056,-130.4387,76.6242,0.9609859517723751,0.06575342465753424,-0.00971422076956307,1008.7354711706668,7.2
22,SPX,1009.38,SXB031018C00975000,,call,2003-10-18,2003-09-24,975.0,42.3,40.5,42.5,3431,20169,0.2095,0.743,0.006,-119.1044,81.8724,0.9659394876062534,0.06575342465753424,-0.015780472932236975,1008.3331901744943,41.5
23,SPX,1009.38,SXB031018P00975000,,put,2003-10-18,2003-09-24,975.0,8.4,8.0,8.4,5451,30012,0.2069,-0.2526,0.006,-136.6839,81.4622,0.9659394876062534,0.06575342465753424,-0.010795614616581423,1008.6637472331049,8.2
24,SPX,1009.38,SXB031018C00980000,,call,2003-10-18,2003-09-24,980.0,39.7,36.7,38.7,19,1578,0.2065,0.7136,0.0064,-125.2311,86.4706,0.9708930234401316,0.06575342465753424,-0.016421666247257997,1008.2906790815512,37.7
25,SPX,1009.38,SXB031018P00980000,,put,2003-10-18,2003-09-24,980.0,9.0,8.8,9.8,825,10662,0.203,-0.2814,0.0065,-142.0059,86.031,0.9708930234401316,0.06575342465753424,-0.011721427591378087,1008.60234631949,9.3
26,SPX,1009.38,SXB031018P00985000,,put,2003-10-18,2003-09-24,985.0,10.5,10.0,11.5,237,972,0.2015,-0.3146,0.0069,-148.6926,90.5116,0.9758465592740098,0.06575342465753424,-0.012714271972018753,1008.5365039642539,10.75
27,SPX,1009.38,SXB031018C00990000,,call,2003-10-18,2003-09-24,990.0,33.2,29.4,31.4,2,284,0.1992,0.6488,0.0073,-133.9068,94.3375,0.980800095107888,0.06575342465753424,-0.017862281814937053,1008.1951728599137,30.4
28,SPX,1009.38,SXB031018P00990000,,put,2003-10-18,2003-09-24,990.0,12.5,11.3,12.8,3213,10744,0.1967,-0.3477,0.0074,-151.574,94.1817,0.980800095107888,0.06575342465753424,-0.013839895716862092,1008.4618612929485,12.05
29,SPX,1009.38,SXB031018C00995000,,call,2003-10-18,2003-09-24,995.0,27.0,26.0,28.0,161,16613,0.1957,0.6127,0.0076,-136.8164,97.4383,0.9857536309417663,0.06575342465753424,-0.018821957621527326,1008.1315557647137,27.0
30,SPX,1009.38,SXB031018P00995000,,put,2003-10-18,2003-09-24,995.0,13.5,13.0,14.4,3133,18645,0.1938,-0.3844,0.0077,-154.9733,97.3715,0.9857536309417663,0.06575342465753424,-0.014843630911670708,1008.3953059881496,13.7
31,SPX,1009.38,SPQ031018C01005000,,call,2003-10-18,2003-09-24,1005.0,22.0,21.0,22.0,783,13527,0.1962,0.5338,0.0079,-144.6195,101.2244,0.9956607026095227,0.06575342465753424,-0.020480963530852023,1008.0215894092519,21.5
32,SPX,1009.38,SPQ031018P01005000,,put,2003-10-18,2003-09-24,1005.0,17.5,16.8,17.7,1286,13406,0.185,-0.4633,0.0084,-155.3218,101.2031,0.9956607026095227,0.06575342465753424,-0.016786190738642657,1008.2665119204214,17.25
33,SPX,1009.38,SPQ031018C01010000,,call,2003-10-18,2003-09-24,1010.0,18.5,17.9,18.9,379,251,0.19,0.4932,0.0082,-141.1026,101.6012,1.000614238443401,0.06575342465753424,-0.02134164295328503,1007.9645444411143,18.4
34,SPX,1009.38,SPQ031018P01010000,,put,2003-10-18,2003-09-24,1010.0,19.5,19.1,20.1,1026,7036,0.1834,-0.5057,0.0085,-155.4256,101.5977,1.000614238443401,0.06575342465753424,-0.01769837093839979,1008.2060389450668,19.6
35,SPX,1009.38,SPQ031018C01015000,,call,2003-10-18,2003-09-24,1015.0,16.0,14.9,16.2,449,3125,0.1843,0.4504,0.0084,-136.3666,100.8525,1.005567774277279,0.06575342465753424,-0.02213189164742087,1007.9121703937363,15.55
36,SPX,1009.38,SPQ031018P01015000,,put,2003-10-18,2003-09-24,1015.0,22.0,21.3,22.5,917,6716,0.1791,-0.5496,0.0086,-151.7123,100.7909,1.005567774277279,0.06575342465753424,-0.018659271687117153,1008.1423399642562,21.9
37,SPX,1009.38,SPQ031018C01020000,,call,2003-10-18,2003-09-24,1020.0,14.0,13.1,14.2,541,820,0.1859,0.4099,0.0082,-135.8355,99.059,1.0105213101111574,0.06575342465753424,-0.023253560567654166,1007.8378360113104,13.649999999999999
38,SPX,1009.38,SPQ031018P01020000,,put,2003-10-18,2003-09-24,1020.0,25.2,24.0,25.5,909,1833,0.1781,-0.5927,0.0085,-148.9439,98.7866,1.0105213101111574,0.06575342465753424,-0.019553718594169957,1008.083049885461,24.75
39,SPX,1009.38,SPQ031018C01025000,,call,2003-10-18,2003-09-24,1025.0,11.7,11.5,12.0,6843,28807,0.1855,0.3698,0.008,-132.2058,96.2131,1.0154748459450356,0.06575342465753424,-0.02411029197115946,1007.781063057627,11.75
40,SPX,1009.38,SPQ031018P01025000,,put,2003-10-18,2003-09-24,1025.0,27.8,27.0,28.5,1521,20896,0.1765,-0.6354,0.0083,-144.0948,95.5876,1.0154748459450356,0.06575342465753424,-0.020318680494043853,1008.032345727771,27.75
41,SPX,1009.38,SPQ031018C01030000,,call,2003-10-18,2003-09-24,1030.0,10.1,9.1,9.9,391,2629,0.1794,0.3255,0.0079,-122.3251,91.8056,1.0204283817789137,0.06575342465753424,-0.025031573531244754,1007.7200161323221,9.5
42,SPX,1009.38,SPQ031018P01030000,,put,2003-10-18,2003-09-24,1030.0,30.0,30.1,32.1,1087,3343,0.1763,-0.6756,0.008,-138.979,91.4425,1.0204283817789137,0.06575342465753424,-0.021112769223012393,1007.9797136471097,31.1
43,SPX,1009.38,SPQ031018C01035000,,call,2003-10-18,2003-09-24,1035.0,8.5,7.5,8.5,228,4305,0.179,0.2876,0.0075,-115.9745,86.9318,1.025381917612792,0.06575342465753424,-0.026022002281687093,1007.6543914280335,8.0
44,SPX,1009.38,SPQ031018P01035000,,put,2003-10-18,2003-09-24,1035.0,33.8,33.5,35.5,299,2287,0.1744,-0.7158,0.0076,-131.1509,86.1515,1.025381917612792,0.06575342465753424,-0.021957044847449446,1007.9237582006858,34.5
45,SPX,1009.38,SPQ031018C01040000,,call,2003-10-18,2003-09-24,1040.0,6.6,6.5,7.0,365,2235,0.1795,0.2531,0.007,-109.4574,81.5554,1.0303354534466702,0.06575342465753424,-0.02696184832019975,1007.5921222296153,6.75
46,SPX,1009.38,SPQ031018P01040000,,put,2003-10-18,2003-09-24,1040.0,37.5,37.2,39.2,553,1159,0.1738,-0.7523,0.0071,-123.4483,80.2879,1.0303354534466702,0.06575342465753424,-0.022686113778855644,1007.8754407244903,38.2
47,SPX,1009.38,SPQ031018C01045000,,call,2003-10-18,2003-09-24,1045.0,5.9,5.0,5.8,25,63,0.1757,0.2154,0.0065,-98.21,74.5845,1.0352889892805484,0.06575342465753424,-0.02781171668828046,1007.5358177859963,5.4
48,SPX,1009.38,SPQ031018P01045000,,put,2003-10-18,2003-09-24,1045.0,39.2,41.0,43.0,1,0,0.1721,-0.7877,0.0066,-113.9769,73.5614,1.0352889892805484,0.06575342465753424,-0.023268178118361887,1007.8368673243892,42.0
49,SPX,1009.38,SPQ031018C01050000,,call,2003-10-18,2003-09-24,1050.0,4.8,4.3,4.6,8492,26041,0.1757,0.1853,0.006,-89.963,68.1464,1.0402425251144267,0.06575342465753424,-0.02889452930649078,1007.4640851617876,4.449999999999999
50,SPX,1009.38,SPQ031018P01050000,,put,2003-10-18,2003-09-24,1050.0,46.2,45.0,47.0,1242,4861,0.1708,-0.8198,0.006,-104.3833,66.5033,1.0402425251144267,0.06575342465753424,-0.0237605890078241,1007.804236410571,46.0
51,SPX,1009.38,SPQ031018C01055000,,call,2003-10-18,2003-09-24,1055.0,3.5,3.3,4.0,16,16,0.1757,0.1581,0.0054,-81.4827,61.5809,1.0451960609483049,0.06575342465753424,-0.02992527386435622,1007.3958066127186,3.65
52,SPX,1009.38,SPQ031018P01055000,,put,2003-10-18,2003-09-24,1055.0,46.0,49.2,51.2,28,347,0.17,-0.8482,0.0054,-95.0616,59.4234,1.0451960609483049,0.06575342465753424,-0.024193327885845536,1007.7755606930948,50.2
53,SPX,1009.38,SPQ031018C01060000,,call,2003-10-18,2003-09-24,1060.0,2.8,2.7,3.3,486,3789,0.1763,0.1347,0.0048,-73.5578,55.2849,1.0501495967821832,0.06575342465753424,-0.030699019484610374,1007.3445552199324,3.0
54,SPX,1009.38,SPQ031018P01060000,,put,2003-10-18,2003-09-24,1060.0,53.5,53.5,55.5,69,374,0.1685,-0.8745,0.0047,-85.135,52.0661,1.0501495967821832,0.06575342465753424,-0.024329249524403327,1007.7665539275013,54.5
55,SPX,1009.38,SPQ031018C01065000,,call,2003-10-18,2003-09-24,1065.0,2.8,2.2,2.7,17,112,0.1771,0.1142,0.0043,-65.9768,49.2681,1.0551031326160614,0.06575342465753424,-0.03181379541347441,1007.2707192326599,2.45
56,SPX,1009.38,SPQ031018C01070000,,call,2003-10-18,2003-09-24,1070.0,1.9,1.65,2.1,140,1787,0.1748,0.0923,0.0037,-55.8691,42.204,1.0600566684499395,0.06575342465753424,-0.03269624218137928,1007.2122751557207,1.875
57,SPX,1009.38,SPQ031018P01070000,,put,2003-10-18,2003-09-24,1070.0,60.7,62.5,64.5,5,30,0.1655,-0.9178,0.0035,-66.4518,38.0007,1.0600566684499395,0.06575342465753424,-0.02410946503354193,1007.781117854696,63.5
58,SPX,1009.38,SPQ031018C01075000,,call,2003-10-18,2003-09-24,1075.0,1.6,1.5,1.8,1380,19312,0.1788,0.0809,0.0033,-51.8694,38.2377,1.0650102042838179,0.06575342465753424,-0.03362468430834939,1007.1507884863491,1.65
59,SPX,1009.38,SPQ031018P01075000,,put,2003-10-18,2003-09-24,1075.0,66.4,67.1,69.1,2583,2164,0.1603,-0.9393,0.0029,-55.1049,29.889,1.0650102042838179,0.06575342465753424,-0.023248327765153086,1007.8381827828562,68.1
60,SPX,1009.38,SPT031018C01100000,,call,2003-10-18,2003-09-24,1100.0,0.5,0.45,0.65,392,12637,0.1827,0.031,0.0015,-24.8955,17.8523,1.0897778834532088,0.06575342465753424,-0.038888780443192966,1006.8022413437441,0.55
61,SPX,1009.38,SPT031018P01100000,,put,2003-10-18,2003-09-24,1100.0,92.0,91.1,93.0,88,379,0.1603,-0.9815,0.001,-31.3155,10.4778,1.0897778834532088,0.06575342465753424,-0.009214010408160635,1008.7686495750048,92.05
62,SPX,1009.38,SPT031018C01125000,,call,2003-10-18,2003-09-24,1125.0,0.15,0.1,0.2,3516,5490,0.1828,0.0094,0.0005,-8.9953,6.4211,1.1145455626226,0.06575342465753424,-0.04230815096224218,1006.5759020833058,0.15000000000000002
63,SPX,1009.38,SPT031018P01125000,,put,2003-10-18,2003-09-24,1125.0,107.0,115.8,117.8,1,90,0.1603,-0.9944,0.0003,-21.5985,2.7555,1.1145455626226,0.06575342465753424,0.0508545328640579,1012.7608745339145,116.8
64,SPX,1009.38,SPT031018C01150000,,call,2003-10-18,2003-09-24,1150.0,0.1,0.0,0.15,70,601,0.1828,0.0024,0.0002,-2.6351,1.8756,1.1393132417919911,0.06575342465753424,-0.04358791197717102,1006.4912036241013,0.075
65,SPX,1009.38,SPZ031122P00750000,,put,2003-11-22,2003-09-24,750.0,0.55,0.45,0.95,20,5313,0.3436,-0.0132,0.0002,-14.8643,13.699,0.7430303750817333,0.16164383561643836,0.0009781642513867345,1009.5396099508232,0.7
66,SPX,1009.38,SPZ031122P00775000,,put,2003-11-22,2003-09-24,775.0,1.0,0.8,1.3,20,1018,0.3309,-0.0201,0.0004,-20.504,19.6033,0.7677980542511245,0.16164383561643836,-0.0007748735470028065,1009.2535795070842,1.05
67,SPX,1009.38,SPX031122P00800000,,put,2003-11-22,2003-09-24,800.0,1.8,1.3,1.8,14,3774,0.3171,-0.0297,0.0005,-27.3125,27.2183,0.7925657334205156,0.16164383561643836,-0.0016085260297281773,1009.1175869211211,1.55
68,SPX,1009.38,SPX031122P00850000,,put,2003-11-22,2003-09-24,850.0,2.6,2.8,3.5,77,1844,0.2852,-0.0605,0.001,-43.7523,48.3279,0.8421010917592978,0.16164383561643836,-0.003906914164034429,1008.7427489132385,3.15
69,SPX,1009.38,SPX031122P00875000,,put,2003-11-22,2003-09-24,875.0,4.2,4.2,4.9,3817,1675,0.2702,-0.0865,0.0014,-54.6472,63.5779,0.8668687709286889,0.16164383561643836,-0.004583903651311255,1008.6323670462549,4.550000000000001
70,SPX,1009.38,SXB031122P00900000,,put,2003-11-22,2003-09-24,900.0,6.5,6.0,7.0,584,13071,0.2544,-0.1223,0.002,-66.3102,81.713,0.89163645009808,0.16164383561643836,-0.00566920066087661,1008.4554366051763,6.5
71,SPX,1009.38,SXB031122C00925000,,call,2003-11-22,2003-09-24,925.0,92.0,90.6,92.6,5,194,0.2371,0.826,0.0026,-65.5992,102.1537,0.9164041292674712,0.16164383561643836,-0.01472531252537941,1006.9802743152133,91.6
72,SPX,1009.38,SXB031122P00925000,,put,2003-11-22,2003-09-24,925.0,9.0,9.0,9.8,49,9855,0.2398,-0.1729,0.0026,-79.138,103.087,0.9164041292674712,0.16164383561643836,-0.006507078366554099,1008.318862902435,9.4
73,SPX,1009.38,SXB031122P00950000,,put,2003-11-22,2003-09-24,950.0,12.8,12.6,14.1,1781,10691,0.2235,-0.2399,0.0034,-90.0538,125.2235,0.9411718084368622,0.16164383561643836,-0.007243804834730097,1008.1987920890582,13.35
74,SPX,1009.38,SXB031122C00975000,,call,2003-11-22,2003-09-24,975.0,55.0,50.8,52.8,5,247,0.2092,0.6659,0.0043,-87.5448,145.9046,0.9659394876062534,0.16164383561643836,-0.013242428275716003,1007.2216755092288,51.8
75,SPX,1009.38,SXB031122P00975000,,put,2003-11-22,2003-09-24,975.0,18.7,18.6,20.1,310,6825,0.21,-0.331,0.0043,-99.3428,145.9895,0.9659394876062534,0.16164383561643836,-0.00809981612615699,1008.0592983333655,19.35
76,SPX,1009.38,SXB031122C00985000,,call,2003-11-22,2003-09-24,985.0,48.0,43.9,45.9,5,12,0.2041,0.6229,0.0046,-89.9473,152.444,0.9758465592740098,0.16164383561643836,-0.013138379992159454,1007.2386158749833,44.9
77,SPX,1009.38,SXB031122P00985000,,put,2003-11-22,2003-09-24,985.0,16.8,21.5,23.5,180,45,0.2053,-0.374,0.0046,-101.8238,152.5113,0.9758465592740098,0.16164383561643836,-0.00827686418695723,1008.0304493716776,22.5
78,SPX,1009.38,SXB031122P00990000,,put,2003-11-22,2003-09-24,990.0,23.1,23.2,25.2,450,312,0.2028,-0.3967,0.0047,-102.5347,155.1481,0.980800095107888,0.16164383561643836,-0.00839262505922306,1008.0115872507242,24.2
79,SPX,1009.38,SXB031122P00995000,,put,2003-11-22,2003-09-24,995.0,25.5,25.0,27.0,9,6061,0.2002,-0.4202,0.0048,-102.8626,157.306,0.9857536309417663,0.16164383561643836,-0.00853035062027395,1007.9891466547017,26.0
80,SPX,1009.38,SPQ031122C01005000,,call,2003-11-22,2003-09-24,1005.0,33.7,31.6,33.6,3,701,0.1953,0.5269,0.005,-91.5587,159.9838,0.9956607026095227,0.16164383561643836,-0.013195363703950667,1007.2293381766038,32.6
81,SPX,1009.38,SPQ031122P01005000,,put,2003-11-22,2003-09-24,1005.0,28.7,29.1,31.1,1186,10481,0.196,-0.4695,0.005,-102.9333,159.9836,0.9956607026095227,0.16164383561643836,-0.008804246613341742,1007.944520335439,30.1
82,SPX,1009.38,SPQ031122C01010000,,call,2003-11-22,2003-09-24,1010.0,31.2,30.1,30.8,4,63,0.1974,0.502,0.005,-93.1638,160.3959,1.000614238443401,0.16164383561643836,-0.0132231564716466,1007.2248131791798,30.450000000000003
83,SPX,1009.38,SPQ031122P01010000,,put,2003-11-22,2003-09-24,1010.0,31.5,31.3,33.3,113,894,0.1937,-0.4949,0.0051,-102.2887,160.3977,1.000614238443401,0.16164383561643836,-0.008801894763782632,1007.9449035176999,32.3
84,SPX,1009.38,SPQ031122C01015000,,call,2003-11-22,2003-09-24,1015.0,29.0,26.2,28.2,4,495,0.191,0.4754,0.0051,-90.1307,160.139,1.005567774277279,0.16164383561643836,-0.013203930092588759,1007.2279434631597,27.2
85,SPX,1009.38,SPQ031122P01015000,,put,2003-11-22,2003-09-24,1015.0,34.0,33.7,35.7,90,222,0.1918,-0.5208,0.0051,-101.4407,160.1441,1.005567774277279,0.16164383561643836,-0.008928393708607414,1007.9242934981756,34.7
86,SPX,1009.38,SPQ031122C01025000,,call,2003-11-22,2003-09-24,1025.0,23.2,21.4,23.4,294,10377,0.1873,0.4227,0.0052,-87.3697,157.5044,1.0154748459450356,0.16164383561643836,-0.013378695521207323,1007.199489923223,22.4
87,SPX,1009.38,SPQ031122P01025000,,put,2003-11-22,2003-09-24,1025.0,39.5,39.5,40.8,150,3312,0.1898,-0.5723,0.0051,-99.4383,157.609,1.0154748459450356,0.16164383561643836,-0.009039670275157853,1007.9061639545718,40.15
88,SPX,1009.38,SPQ031122C01050000,,call,2003-11-22,2003-09-24,1050.0,13.0,12.5,13.7,906,5095,0.1808,0.2956,0.0047,-75.2648,139.0968,1.0402425251144267,0.16164383561643836,-0.013795888017974479,1007.1315701089327,13.1
89,SPX,1009.38,SPQ031122P01050000,,put,2003-11-22,2003-09-24,1050.0,53.7,54.3,56.3,13,610,0.1798,-0.7019,0.0047,-85.2077,138.846,1.0402425251144267,0.16164383561643836,-0.009048648563793948,1007.9047011965235,55.3
90,SPX,1009.38,SPQ031122C01075000,,call,2003-11-22,2003-09-24,1075.0,7.0,6.8,7.3,398,4373,0.1758,0.1872,0.0038,-57.4398,108.3393,1.0650102042838179,0.16164383561643836,-0.01420458848502867,1007.0650372561404,7.05
91,SPX,1009.38,SPQ031122P01075000,,put,2003-11-22,2003-09-24,1075.0,74.3,73.2,75.2,1,1069,0.1746,-0.811,0.0038,-66.9247,107.7082,1.0650102042838179,0.16164383561643836,-0.008444647025991176,1008.0031108864391,74.2
92,SPX,1009.38,SPT031122C01100000,,call,2003-11-22,2003-09-24,1100.0,3.7,3.1,3.8,517,5116,0.1722,0.1071,0.0027,-38.8449,74.3725,1.0897778834532088,0.16164383561643836,-0.014951776495656289,1006.9434129616704,3.45
93,SPX,1009.38,SPT031122P01100000,,put,2003-11-22,2003-09-24,1100.0,94.0,94.7,96.7,101,125,0.1715,-0.8903,0.0026,-48.3555,73.8805,1.0897778834532088,0.16164383561643836,-0.006708089412211319,1008.2861009401432,95.7
94,SPX,1009.38,SPT031122C01175000,,call,2003-11-22,2003-09-24,1175.0,0.4,0.25,0.7,3,117,0.1789,0.0172,0.0006,-9.4349,17.206,1.1640809209613823,0.16164383561643836,-0.01735315930763318,1006.5526248681437,0.475
95,SPX,1009.38,SYF031220P00500000,,put,2003-12-20,2003-09-24,500.0,0.1,0.0,0.45,150,20148,0.3314,0.0,0.0,-0.0076,0.0108,0.4953535833878222,0.23835616438356164,inf,inf,0.225
96,SPX,1009.38,SPZ031220P00725000,,put,2003-12-20,2003-09-24,725.0,1.2,1.1,1.6,1550,6177,0.3446,-0.0202,0.0003,-17.6357,24.0005,0.7182626959123423,0.23835616438356164,-0.0010158400524733976,1009.1356266522234,1.35
97,SPX,1009.38,SPZ031220P00750000,,put,2003-12-20,2003-09-24,750.0,1.75,1.6,2.1,137,41223,0.3314,-0.0278,0.0004,-22.1885,31.3737,0.7430303750817333,0.23835616438356164,-0.0017017196471368762,1008.9706629822057,1.85
98,SPX,1009.38,SPZ031220P00775000,,put,2003-12-20,2003-09-24,775.0,2.35,2.2,2.9,355,16624,0.3186,-0.0382,0.0005,-27.6878,40.6844,0.7677980542511245,0.23835616438356164,-0.0029507488156265485,1008.6703232000876,2.55
99,SPX,1009.38,SPX031220P00800000,,put,2003-12-20,2003-09-24,800.0,3.4,3.1,3.5,432,45955,0.3024,-0.0502,0.0007,-32.7931,50.7086,0.7925657334205156,0.23835616438356164,-0.00345230374796876,1008.5497451718513,3.3
100,SPX,1009.38,SPX031220P00825000,,put,2003-12-20,2003-09-24,825.0,4.6,4.3,5.0,36,21735,0.2918,-0.0693,0.0009,-40.8217,65.3342,0.8173334125899067,0.23835616438356164,-0.003634862422838614,1008.5058601076607,4.65
101,SPX,1009.38,SPX031220C00850000,,call,2003-12-20,2003-09-24,850.0,177.5,161.7,163.7,2,8208,0.2718,0.9075,0.0012,-35.5184,78.2099,0.8421010917592978,0.23835616438356164,-0.019998946666096345,1004.5798644254837,162.7
102,SPX,1009.38,SPX031220P00850000,,put,2003-12-20,2003-09-24,850.0,6.3,5.7,6.7,1596,52792,0.2777,-0.0921,0.0012,-48.2216,80.9661,0.8421010917592978,0.23835616438356164,-0.004226295453185591,1008.363699333984,6.2
103,SPX,1009.38,SPX031220P00875000,,put,2003-12-20,2003-09-24,875.0,8.5,7.8,8.5,178,42328,0.2627,-0.1211,0.0016,-55.7051,98.6726,0.8668687709286889,0.23835616438356164,-0.004605414629294542,1008.2725822693247,8.15
104,SPX,1009.38,SXB031220P00900000,,put,2003-12-20,2003-09-24,900.0,11.3,10.3,11.3,3363,55788,0.2483,-0.1593,0.002,-63.6209,118.9296,0.89163645009808,0.23835616438356164,-0.0047940303192279925,1008.2272536594982,10.8
105,SPX,1009.38,SXB031220C00925000,,call,2003-12-20,2003-09-24,925.0,99.9,95.5,97.5,615,13093,0.2339,0.7865,0.0025,-61.9358,140.7295,0.9164041292674712,0.23835616438356164,-0.01304584648213892,1006.2461493882098,96.5
106,SPX,1009.38,SXB031220P00925000,,put,2003-12-20,2003-09-24,925.0,15.0,14.0,15.0,1764,30904,0.235,-0.2097,0.0025,-71.6649,141.0978,0.9164041292674712,0.23835616438356164,-0.0051954964232913264,1008.1307790730917,14.5
107,SPX,1009.38,SXB031220C00950000,,call,2003-12-20,2003-09-24,950.0,78.0,75.6,77.6,16,19706,0.2214,0.722,0.0031,-69.3738,162.9288,0.9411718084368622,0.23835616438356164,-0.011864630364070105,1006.529498022228,76.6
108,SPX,1009.38,SXB031220P00950000,,put,2003-12-20,2003-09-24,950.0,19.0,19.0,20.5,2649,24685,0.2239,-0.2752,0.003,-79.4212,163.4617,0.9411718084368622,0.23835616438356164,-0.005568783700501269,1008.0410843011534,19.75
109,SPX,1009.38,SXB031220C00975000,,call,2003-12-20,2003-09-24,975.0,58.8,57.4,59.4,42,23605,0.2096,0.642,0.0036,-74.5929,181.9059,0.9659394876062534,0.23835616438356164,-0.011164167850211112,1006.6975617719647,58.4
110,SPX,1009.38,SXB031220P00975000,,put,2003-12-20,2003-09-24,975.0,26.0,25.5,27.5,1204,29168,0.212,-0.3545,0.0036,-84.2469,182.1114,0.9659394876062534,0.23835616438356164,-0.005804383547728342,1007.9844776541094,26.5
111,SPX,1009.38,SXB031220P00990000,,put,2003-12-20,2003-09-24,990.0,25.8,30.6,32.6,200,638,0.2054,-0.4092,0.0038,-85.5588,190.0739,0.980800095107888,0.23835616438356164,-0.005831828630995893,1007.9778837388026,31.6
112,SPX,1009.38,SXB031220C00995000,,call,2003-12-20,2003-09-24,995.0,46.9,44.4,46.4,1861,30021,0.2009,0.5671,0.004,-76.2797,191.9376,0.9857536309417663,0.23835616438356164,-0.010838242125519535,1006.7757715249545,45.4
113,SPX,1009.38,SXB031220P00995000,,put,2003-12-20,2003-09-24,995.0,33.5,32.5,34.5,638,22382,0.2034,-0.4286,0.0039,-85.7087,191.9696,0.9857536309417663,0.23835616438356164,-0.0059188426904017155,1007.9569781541495,33.5
114,SPX,1009.38,SPQ031220C01005000,,call,2003-12-20,2003-09-24,1005.0,40.0,38.5,40.5,2465,12932,0.1967,0.5266,0.0041,-76.0077,194.4087,0.9956607026095227,0.23835616438356164,-0.010706712137395434,1006.8073354303033,39.5
115,SPX,1009.38,SPQ031220P01005000,,put,2003-12-20,2003-09-24,1005.0,37.0,36.6,38.6,3348,17917,0.1993,-0.4686,0.004,-85.3552,194.4044,0.9956607026095227,0.23835616438356164,-0.005941491057113099,1007.9515368362435,37.6
116,SPX,1009.38,SPQ031220C01015000,,call,2003-12-20,2003-09-24,1015.0,36.0,33.1,35.1,4053,7436,0.1931,0.4846,0.0042,-75.1078,194.8216,1.005567774277279,0.23835616438356164,-0.010621249451495403,1006.8278448664273,34.1
117,SPX,1009.38,SPQ031220P01015000,,put,2003-12-20,2003-09-24,1015.0,41.0,41.1,43.1,3350,7393,0.1953,-0.5101,0.0041,-84.1799,194.8305,1.005567774277279,0.23835616438356164,-0.0059053185120651296,1007.9602273805475,42.1
118,SPX,1009.38,SPQ031220C01025000,,call,2003-12-20,2003-09-24,1025.0,30.5,28.5,30.1,5298,41489,0.1904,0.442,0.0042,-73.6763,193.0114,1.0154748459450356,0.23835616438356164,-0.010599832388537532,1006.8329846239152,29.3
119,SPX,1009.38,SPQ031220P01025000,,put,2003-12-20,2003-09-24,1025.0,47.2,46.1,48.1,4374,22471,0.1917,-0.5527,0.0042,-82.2723,193.0541,1.0154748459450356,0.23835616438356164,-0.0059694295323801435,1007.9448245990583,47.1
120,SPX,1009.38,SPQ031220P01035000,,put,2003-12-20,2003-09-24,1035.0,51.0,51.5,53.5,108,3972,0.1881,-0.5957,0.0042,-79.4668,188.9528,1.025381917612792,0.23835616438356164,-0.00585959359803412,1007.9712130125844,52.5
121,SPX,1009.38,SPQ031220C01050000,,call,2003-12-20,2003-09-24,1050.0,19.3,18.8,19.5,721,45475,0.1837,0.3361,0.004,-66.3302,178.5677,1.0402425251144267,0.23835616438356164,-0.010557940910479848,1006.8430379941176,19.15
122,SPX,1009.38,SPQ031220P01050000,,put,2003-12-20,2003-09-24,1050.0,57.0,60.6,62.6,2,6922,0.1835,-0.6594,0.004,-74.0079,178.5263,1.0402425251144267,0.23835616438356164,-0.0057231879884970666,1008.0039858322328,61.6
123,SPX,1009.38,SPQ031220C01060000,,call,2003-12-20,2003-09-24,1060.0,16.0,14.7,16.2,10,454,0.179,0.2929,0.0039,-61.1098,168.3997,1.0501495967821832,0.23835616438356164,-0.010522461510864486,1006.8515526334769,15.45
124,SPX,1009.38,SPQ031220C01065000,,call,2003-12-20,2003-09-24,1065.0,13.8,13.2,14.7,3,2586,0.1777,0.273,0.0038,-58.7346,162.8225,1.0551031326160614,0.23835616438356164,-0.010510144941068196,1006.8545084824615,13.95
125,SPX,1009.38,SPQ031220C01075000,,call,2003-12-20,2003-09-24,1075.0,12.0,10.6,12.1,411,28035,0.1754,0.2351,0.0036,-53.7494,150.5823,1.0650102042838179,0.23835616438356164,-0.010583192687281941,1006.8369779080173,11.35
126,SPX,1009.38,SPQ031220P01075000,,put,2003-12-20,2003-09-24,1075.0,79.0,78.1,80.1,2,3420,0.1774,-0.7574,0.0035,-62.2042,151.5603,1.0650102042838179,0.23835616438356164,-0.0051045239993487285,1008.1526394546315,79.1
127,SPX,1009.38,SPT031220C01100000,,call,2003-12-20,2003-09-24,1100.0,6.8,6.5,7.0,1258,43567,0.173,0.1572,0.0028,-41.7298,117.8896,1.0897778834532088,0.23835616438356164,-0.0107573642780914,1006.7951800670444,6.75
128,SPX,1009.38,SPT031220P01100000,,put,2003-12-20,2003-09-24,1100.0,93.1,98.2,100.2,2,4874,0.1739,-0.8367,0.0028,-49.3751,118.5549,1.0897778834532088,0.23835616438356164,-0.0038464131280744693,1008.4550080720737,99.2
129,SPX,1009.38,SPT031220C01125000,,call,2003-12-20,2003-09-24,1125.0,3.8,3.2,3.9,50,12247,0.1687,0.0956,0.002,-28.8524,83.2477,1.1145455626226,0.23835616438356164,-0.010889496063389284,1006.7634721305293,3.55
130,SPX,1009.38,SPT031220P01125000,,put,2003-12-20,2003-09-24,1125.0,119.0,120.2,122.2,5,198,0.1721,-0.895,0.0021,-37.3985,86.2455,1.1145455626226,0.23835616438356164,-0.001721962639395792,1008.9657946681344,121.2
131,SPX,1009.38,SPT031220C01150000,,call,2003-12-20,2003-09-24,1150.0,2.0,1.85,2.2,1190,17001,0.1695,0.0586,0.0014,-20.0305,57.3254,1.1393132417919911,0.23835616438356164,-0.011083658472409861,1006.7168803893991,2.0250000000000004
132,SPX,1009.38,SPV031220C01700000,,call,2003-12-20,2003-09-24,1700.0,0.1,0.0,0.1,150,5894,0.1761,0.0,0.0,0.0,0.0,1.6842021835185956,0.23835616438356164,-inf,0.0,0.05
133,SPX,1009.38,SPV031220P01700000,,put,2003-12-20,2003-09-24,1700.0,687.0,690.0,692.0,150,5331,0.1739,-0.9953,0.0,-0.2492,0.0,1.6842021835185956,0.23835616438356164,1.2468190036008722,1358.693092533069,691.0
134,SPX,1009.38,SPZ040320P00700000,,put,2004-03-20,2003-09-24,700.0,3.0,3.1,4.0,414,32479,0.3113,-0.0372,0.0004,-18.5194,57.1048,0.6934950167429511,0.4876712328767123,-0.003655237573832286,1007.5823281271784,3.55
135,SPX,1009.38,SPZ040320P00750000,,put,2004-03-20,2003-09-24,750.0,5.3,5.3,6.5,7,15631,0.2925,-0.061,0.0006,-25.8705,84.7231,0.7430303750817333,0.4876712328767123,-0.004103460297438535,1007.3621094824308,5.9
136,SPX,1009.38,SPZ040320P00775000,,put,2004-03-20,2003-09-24,775.0,7.2,6.9,8.1,100,3368,0.283,-0.077,0.0007,-29.9904,101.385,0.7677980542511245,0.4876712328767123,-0.004159918449103683,1007.3343741467415,7.5
137,SPX,1009.38,SPX040320P00800000,,put,2004-03-20,2003-09-24,800.0,9.0,8.9,10.1,2,7123,0.2736,-0.0965,0.0009,-34.3791,120.0416,0.7925657334205156,0.4876712328767123,-0.004128944225198668,1007.3495902870887,9.5
138,SPX,1009.38,SPX040320P00850000,,put,2004-03-20,2003-09-24,850.0,14.2,14.2,15.7,1,27224,0.2547,-0.1484,0.0013,-43.4519,162.3914,0.8421010917592978,0.4876712328767123,-0.004310937236401878,1007.260189201901,14.95
139,SPX,1009.38,SXB040320P00900000,,put,2004-03-20,2003-09-24,900.0,21.0,22.0,24.0,201,16998,0.2355,-0.2216,0.0018,-51.8221,208.3958,0.89163645009808,0.4876712328767123,-0.0043341042430330365,1007.2488093587333,23.0
140,SPX,1009.38,SXB040320C00925000,,call,2004-03-20,2003-09-24,925.0,108.5,107.3,109.3,3,1912,0.2242,0.7241,0.0021,-46.7022,230.2517,0.9164041292674712,0.4876712328767123,-0.013097049731143395,1002.9535798348039,108.3
141,SPX,1009.38,SXB040320P00925000,,put,2004-03-20,2003-09-24,925.0,25.0,27.5,29.5,32,6842,0.2266,-0.2685,0.0021,-55.4404,230.9362,0.9164041292674712,0.4876712328767123,-0.004359839659847049,1007.2361680399945,28.5
142,SPX,1009.38,SXB040320P00950000,,put,2004-03-20,2003-09-24,950.0,34.7,34.1,36.1,645,18609,0.2176,-0.3224,0.0023,-58.1092,251.0313,0.9411718084368622,0.4876712328767123,-0.004353280373123804,1007.2393899674673,35.1
143,SPX,1009.38,SXB040320C00975000,,call,2004-03-20,2003-09-24,975.0,79.0,73.0,74.4,69,9643,0.2084,0.6076,0.0026,-52.0478,266.8823,0.9659394876062534,0.4876712328767123,-0.011285144670689543,1003.840195289124,73.7
144,SPX,1009.38,SXB040320P00975000,,put,2004-03-20,2003-09-24,975.0,43.5,42.2,44.2,157,11234,0.2093,-0.3836,0.0026,-59.7323,266.9291,0.9659394876062534,0.4876712328767123,-0.004236726203410736,1007.2966431979959,43.2
145,SPX,1009.38,SXB040320C00995000,,call,2004-03-20,2003-09-24,995.0,62.0,61.0,62.2,2661,14840,0.2024,0.5537,0.0027,-52.6416,275.1216,0.9857536309417663,0.4876712328767123,-0.010774300469856644,1004.0903071483874,61.6
146,SPX,1009.38,SXB040320P00995000,,put,2004-03-20,2003-09-24,995.0,48.8,49.9,51.9,21,7490,0.2032,-0.4372,0.0027,-60.0635,275.1226,0.9857536309417663,0.4876712328767123,-0.00407277194153375,1007.3771856036699,50.9
147,SPX,1009.38,SPQ040320C01005000,,call,2004-03-20,2003-09-24,1005.0,55.5,54.5,56.5,24,1953,0.1981,0.5254,0.0028,-52.1516,277.3522,0.9956607026095227,0.4876712328767123,-0.01046582942564837,1004.2413662795799,55.5
148,SPX,1009.38,SPQ040320P01005000,,put,2004-03-20,2003-09-24,1005.0,52.4,54.1,56.1,2,4451,0.2,-0.4654,0.0028,-59.7658,277.3396,0.9956607026095227,0.4876712328767123,-0.004047231393392713,1007.3897329581392,55.1
149,SPX,1009.38,SPQ040320C01025000,,call,2004-03-20,2003-09-24,1025.0,45.3,44.1,46.1,2210,17987,0.1927,0.4668,0.0029,-51.1608,277.4122,1.0154748459450356,0.4876712328767123,-0.010068036212278569,1004.4362002763397,45.1
150,SPX,1009.38,SPQ040320P01025000,,put,2004-03-20,2003-09-24,1025.0,62.2,63.6,65.6,53,3314,0.1946,-0.5234,0.0029,-58.5512,277.4526,1.0154748459450356,0.4876712328767123,-0.0037998616564349635,1007.511266854426,64.6
151,SPX,1009.38,SPQ040320C01050000,,call,2004-03-20,2003-09-24,1050.0,35.0,32.8,34.8,107,5829,0.1861,0.3916,0.0029,-48.2359,268.4949,1.0402425251144267,0.4876712328767123,-0.009739368050181094,1004.5972062300787,33.8
152,SPX,1009.38,SPQ040320P01050000,,put,2004-03-20,2003-09-24,1050.0,77.5,77.2,79.2,30,740,0.1882,-0.5976,0.0029,-55.4215,268.8079,1.0402425251144267,0.4876712328767123,-0.0034107648684999006,1007.7024615765849,78.2
153,SPX,1009.38,SPQ040320C01075000,,call,2004-03-20,2003-09-24,1075.0,25.2,24.8,25.6,4,3915,0.1831,0.3211,0.0028,-44.6399,250.6114,1.0650102042838179,0.4876712328767123,-0.009431905413108163,1004.7478475149532,25.200000000000003
154,SPX,1009.38,SPT040320C01100000,,call,2004-03-20,2003-09-24,1100.0,17.4,16.6,18.1,1912,27026,0.1763,0.2504,0.0026,-38.4346,222.8019,1.0897778834532088,0.4876712328767123,-0.009208585859902998,1004.857277067037,17.35
155,SPX,1009.38,SPT040320P01100000,,put,2004-03-20,2003-09-24,1100.0,102.5,110.4,112.4,14,2077,0.1778,-0.7385,0.0025,-44.9267,223.7877,1.0897778834532088,0.4876712328767123,-0.0021354001555635403,1008.3294058178566,111.4
156,SPX,1009.38,SPT040320C01110000,,call,2004-03-20,2003-09-24,1110.0,16.0,14.2,15.7,3,5200,0.1742,0.2245,0.0024,-35.8587,209.9298,1.0996849551209653,0.4876712328767123,-0.009175659157010498,1004.8734125976472,14.95
157,SPX,1009.38,SPT040320C01150000,,call,2004-03-20,2003-09-24,1150.0,8.2,7.4,8.6,1107,7498,0.1688,0.1391,0.0019,-25.9149,155.4243,1.1393132417919911,0.4876712328767123,-0.00891294247232736,1005.0021645933494,8.0
158,SPX,1009.38,SZP040320C01200000,,call,2004-03-20,2003-09-24,1200.0,3.5,3.0,3.9,2,671,0.1658,0.0703,0.0012,-15.597,94.5844,1.1888486001307734,0.4876712328767123,-0.008883468967329363,1005.0166099756984,3.45
159,SPX,1009.38,SYGRT040619P00600000,,put,2004-06-19,2003-09-24,600.0,2.3,2.0,2.9,50,11155,0.3198,-0.0215,0.0002,-9.7494,44.3981,0.5944243000653867,0.736986301369863,-0.0030609299392484746,1007.1055429630794,2.45
160,SPX,1009.38,SYGRJ040619P00650000,,put,2004-06-19,2003-09-24,650.0,4.4,3.7,4.6,5,5304,0.3052,-0.0357,0.0003,-14.2326,67.8291,0.6439596584041689,0.736986301369863,-0.00279899670421932,1007.2999745978077,4.15
161,SPX,1009.38,SPZRJ040619P00750000,,put,2004-06-19,2003-09-24,750.0,9.8,10.0,11.5,25,11655,0.2776,-0.0875,0.0007,-26.2573,137.1254,0.7430303750817333,0.736986301369863,-0.00296789048593582,1007.1746013518289,10.75
162,SPX,1009.38,SPX040619P00800000,,put,2004-06-19,2003-09-24,800.0,13.8,15.5,16.6,25,23703,0.2619,-0.1278,0.0009,-32.63,180.1932,0.7925657334205156,0.736986301369863,-0.0029178385320314526,1007.2117542953067,16.05
163,SPX,1009.38,SPX040619P00875000,,put,2004-06-19,2003-09-24,875.0,27.0,26.8,28.8,2,7261,0.2373,-0.2139,0.0014,-41.3551,250.7748,0.8668687709286889,0.736986301369863,-0.0028197360161531723,1007.2845785495642,27.8
164,SPX,1009.38,SXB040619P00900000,,put,2004-06-19,2003-09-24,900.0,32.8,32.3,34.3,2,23153,0.2299,-0.2516,0.0016,-43.9159,274.2775,0.89163645009808,0.736986301369863,-0.002774762788360169,1007.3179652004943,33.3
165,SPX,1009.38,SXB040619C00975000,,call,2004-06-19,2003-09-24,975.0,94.0,84.1,86.1,50,3432,0.206,0.5955,0.0021,-41.8245,329.4927,0.9659394876062534,0.736986301369863,-0.010237283657790194,1001.793148930195,85.1
166,SPX,1009.38,SXB040619P00995000,,put,2004-06-19,2003-09-24,995.0,62.0,63.1,65.1,1,11057,0.2039,-0.4364,0.0022,-48.4915,337.3192,0.9857536309417663,0.736986301369863,-0.002230660503240403,1007.7219766034884,64.1
167,SPX,1009.38,SPQ040619C01025000,,call,2004-06-19,2003-09-24,1025.0,58.4,56.4,58.4,250,5507,0.1941,0.4805,0.0023,-41.6117,340.742,1.0154748459450356,0.736986301369863,-0.00905662945686067,1002.665214516829,57.4
168,SPX,1009.38,SPQ040619P01025000,,put,2004-06-19,2003-09-24,1025.0,78.5,76.9,78.9,1,1648,0.1968,-0.5059,0.0023,-47.556,340.7724,1.0154748459450356,0.736986301369863,-0.0019188792329057139,1007.9535560781211,77.9
169,SPX,1009.38,SPQ040619C01050000,,call,2004-06-19,2003-09-24,1050.0,0.0,45.1,47.1,30,11269,0.1894,0.4205,0.0024,-40.2549,335.0262,1.0402425251144267,0.736986301369863,-0.00866222594943293,1002.9567015580858,46.1
170,SPX,1009.38,SPT040619C01100000,,call,2004-06-19,2003-09-24,1100.0,0.0,26.7,28.7,100,18372,0.1799,0.3023,0.0022,-34.663,299.8424,1.0897778834532088,0.736986301369863,-0.008033751556534336,1003.4213556528678,27.7
171,SPX,1009.38,SPT040619C01175000,,call,2004-06-19,2003-09-24,1175.0,0.0,10.5,12.0,1,62,0.1692,0.156,0.0016,-22.7172,206.1695,1.1640809209613823,0.736986301369863,-0.007428952362326507,1003.8687090622834,11.25
172,SPX,1009.38,SPZ040918P00700000,,put,2004-09-18,2003-09-24,700.0,0.0,9.7,10.9,500,25036,0.2791,-0.0734,0.0005,-19.9416,138.9052,0.6934950167429511,0.9863013698630136,-0.0022867217164088474,1007.1060129524457,10.3
173,SPX,1009.38,SPZ040918P00750000,,put,2004-09-18,2003-09-24,750.0,0.0,14.5,16.0,50,23933,0.266,-0.106,0.0007,-25.0167,182.5172,0.7430303750817333,0.9863013698630136,-0.0022335086392839265,1007.1588714233255,15.25
174,SPX,1009.38,SPX040918P00800000,,put,2004-09-18,2003-09-24,800.0,0.0,20.9,22.9,25,23493,0.2527,-0.1484,0.0009,-30.0876,230.5653,0.7925657334205156,0.9863013698630136,-0.0021657705014459655,1007.2261621750586,21.9
175,SPX,1009.38,SPQ040918C01005000,,call,2004-09-18,2003-09-24,1005.0,0.0,77.2,79.2,147,0,0.2,0.5296,0.002,-36.1566,391.2491,0.9956607026095227,0.9863013698630136,-0.009453468424815283,1000.0123121954293,78.2
176,SPX,1009.38,SPQ040918C01025000,,call,2004-09-18,2003-09-24,1025.0,0.0,66.9,68.9,600,8,0.1959,0.4891,0.002,-35.8463,393.0567,1.0154748459450356,0.9863013698630136,-0.009008931613154655,1000.4508609932085,67.9
177,SPX,1009.38,SPT040918C01100000,,call,2004-09-18,2003-09-24,1100.0,0.0,36.1,38.1,96,108,0.1829,0.3353,0.002,-31.4401,361.3515,1.0897778834532088,0.9863013698630136,-0.007888467949048582,1001.5570852330071,37.1
178,SPX,1009.38,SPL041218P00400000,,put,2004-12-18,2003-09-24,400.0,0.65,0.55,0.75,10,5390,0.3453,-0.0047,0.0,-2.1563,15.3071,0.3962828667102578,1.2356164383561643,-0.001962928453964452,1006.9347893710791,0.65
179,SPX,1009.38,SPL041218P00850000,,put,2004-12-18,2003-09-24,850.0,34.0,36.8,38.8,300,9182,0.2357,-0.2175,0.0011,-31.8099,327.0454,0.8421010917592978,1.2356164383561643,-0.0013298137919087114,1007.7228094383405,37.8
180,SPX,1009.38,SPL041218P00900000,,put,2004-12-18,2003-09-24,900.0,50.0,49.1,52.1,303,9956,0.2242,-0.2813,0.0013,-34.7287,374.3235,0.89163645009808,1.2356164383561643,-0.0011805848491700972,1007.9086403119768,50.6
181,SPX,1009.38,SPL041218P00950000,,put,2004-12-18,2003-09-24,950.0,63.5,65.3,68.3,34,5458,0.2134,-0.3558,0.0015,-36.5356,412.3352,0.9411718084368622,1.2356164383561643,-0.0008620590951522074,1008.3054066916661,66.8
182,SPX,1009.38,SPL041218C00975000,,call,2004-12-18,2003-09-24,975.0,112.7,102.0,105.0,50,6829,0.2056,0.5835,0.0016,-31.5766,425.8784,0.9659394876062534,1.2356164383561643,-0.010181521714319137,996.7610820277472,103.5
183,SPX,1009.38,SPL041218P00975000,,put,2004-12-18,2003-09-24,975.0,74.8,74.8,77.8,246,4550,0.2081,-0.3968,0.0016,-36.8731,425.8924,0.9659394876062534,1.2356164383561643,-0.0007172798588835592,1008.4858001984204,76.3
184,SPX,1009.38,SXG041218C01005000,,call,2004-12-18,2003-09-24,1005.0,92.0,85.4,88.4,100,1604,0.2,0.5311,0.0017,-31.8675,436.0217,0.9956607026095227,1.2356164383561643,-0.009479102953980502,997.6265666038335,86.9
185,SPX,1009.38,SXG041218P01005000,,put,2004-12-18,2003-09-24,1005.0,87.5,87.7,90.7,250,1805,0.2022,-0.4486,0.0017,-36.771,435.9624,0.9956607026095227,1.2356164383561643,-0.0004602107324299977,1008.8061853372665,89.2
186,SPX,1009.38,SXG041218C01025000,,call,2004-12-18,2003-09-24,1025.0,78.0,75.3,78.3,3,3437,0.1966,0.4952,0.0018,-31.7403,438.4011,1.0154748459450356,1.2356164383561643,-0.009025764080169371,998.1855466252493,76.8
187,SPX,1009.38,SXG041218C01050000,,call,2004-12-18,2003-09-24,1050.0,68.5,63.6,66.6,359,10522,0.1922,0.4493,0.0018,-31.1237,436.0443,1.0402425251144267,1.2356164383561643,-0.008573396386958832,998.7436413488986,65.1
188,SPX,1009.38,SXG041218P01100000,,put,2004-12-18,2003-09-24,1100.0,138.5,139.4,142.4,3,636,0.1857,-0.621,0.0018,-32.3769,413.6497,1.0897778834532088,1.2356164383561643,0.0008652474823270077,1010.4597193705565,140.9
189,SPX,1009.38,SXG041218C01150000,,call,2004-12-18,2003-09-24,1150.0,30.5,29.3,31.3,3,5024,0.1782,0.2726,0.0016,-25.0079,368.7017,1.1393132417919911,1.2356164383561643,-0.007306138122917449,1000.3087442631117,30.3
190,SPX,1009.38,SXG041218C01200000,,call,2004-12-18,2003-09-24,1200.0,20.4,18.7,20.2,8,16665,0.1722,0.1969,0.0014,-20.3899,308.5107,1.1888486001307734,1.2356164383561643,-0.00692978767960316,1000.7740208053705,19.45
191,SPX,1009.38,SXG041218C01400000,,call,2004-12-18,2003-09-24,1400.0,2.8,2.4,3.3,50,2284,0.1646,0.0411,0.0005,-6.3374,98.3664,1.3869900334859022,1.2356164383561643,-0.006158458818457631,1001.7282797829304,2.8499999999999996
192,SPX,1009.38,SPL050618P00500000,,put,2005-06-18,2003-09-24,500.0,4.0,3.7,4.6,50,1103,0.179,-0.001,0.0,-0.2308,4.4435,0.4953535833878222,1.7342465753424658,-0.0010478534559444155,1007.5473837091012,4.15
193,SPX,1009.38,SPL050618C00875000,,call,2005-06-18,2003-09-24,875.0,133.8,0.0,0.0,16,3564,0.8631,0.7376,0.0003,-94.73,407.813,0.8668687709286889,1.7342465753424658,-0.03804108086611485,944.9376493042176,0.0
194,SPX,1009.38,SPL050618P00900000,,put,2005-06-18,2003-09-24,900.0,63.0,62.2,65.2,3,4255,0.2207,-0.2917,0.0012,-28.5304,450.2819,0.89163645009808,1.7342465753424658,0.0014196931640441945,1011.868254393218,63.7
195,SPX,1009.38,SXG050618C01200000,,call,2005-06-18,2003-09-24,1200.0,0.0,31.4,33.4,1050,2027,0.1777,0.2558,0.0013,-20.7748,422.5053,1.1888486001307734,1.7342465753424658,-0.004607876060422235,1001.3459927357959,32.4
