,UnderlyingSymbol,UnderlyingPrice,OptionSymbol,OptionExt,Type,Expiration,DataDate,Strike,Last,Bid,Ask,Volume,OpenInterest,IV,Delta,Gamma,Theta,Vega,m,tau,InterestR,ForwardP,Mid
0,SPX,1242.29,SPQ060722P01000000,,put,2006-07-22,2006-07-13,1000.0,0.1,0.05,0.2,1382,44648,0.3182,0.0,0.0,-0.0156,0.0023,0.8049650242696955,0.024657534246575342,inf,inf,0.125
1,SPX,1242.29,SPQ060722P01050000,,put,2006-07-22,2006-07-13,1050.0,0.1,0.05,0.25,240,37617,0.3182,-0.0002,0.0,-0.9513,0.1384,0.8452132754831803,0.024657534246575342,0.30292592576157695,1251.603910249448,0.15
2,SPX,1242.29,SPQ060722P01095000,,put,2006-07-22,2006-07-13,1095.0,0.1,0.0,0.5,20,23525,0.3182,-0.0037,0.0002,-14.322,2.0923,0.8814367015753166,0.024657534246575342,0.258459585065885,1250.2323658143196,0.25
3,SPX,1242.29,SPT060722C01100000,,call,2006-07-22,2006-07-13,1100.0,141.0,141.0,142.5,9,677,0.1655,1.0,0.0,-60.3037,0.0004,0.885461526696665,0.024657534246575342,inf,inf,141.75
4,SPX,1242.29,SPT060722P01100000,,put,2006-07-22,2006-07-13,1100.0,0.3,0.25,0.5,210,123108,0.3182,-0.0049,0.0002,-18.3609,2.6839,0.885461526696665,0.024657534246575342,0.2497454280383949,1249.9637577131896,0.375
5,SPX,1242.29,SPT060722P01110000,,put,2006-07-22,2006-07-13,1110.0,0.45,0.05,0.65,216,46075,0.3182,-0.0084,0.0004,-29.2822,4.2853,0.893511176939362,0.024657534246575342,0.22820080128579867,1249.2999065983424,0.35000000000000003
6,SPX,1242.29,SPT060722P01115000,,put,2006-07-22,2006-07-13,1115.0,0.4,0.2,0.85,31,183373,0.3182,-0.0108,0.0005,-36.4361,5.3357,0.8975360020607105,0.024657534246575342,0.2205455401749436,1249.0641111741738,0.525
7,SPX,1242.29,SPT060722P01120000,,put,2006-07-22,2006-07-13,1120.0,0.2,0.2,0.9,50,22627,0.3182,-0.0137,0.0006,-44.9004,6.5797,0.901560827182059,0.024657534246575342,0.21647004572311151,1248.938596974828,0.55
8,SPX,1242.29,SPT060722P01125000,,put,2006-07-22,2006-07-13,1125.0,0.6,0.3,0.8,2612,78493,0.3182,-0.0173,0.0007,-54.8036,8.0367,0.9055856523034075,0.024657534246575342,0.20914455547256838,1248.7130234092094,0.55
9,SPX,1242.29,SPT060722P01130000,,put,2006-07-22,2006-07-13,1130.0,0.5,0.25,1.05,200,16718,0.3182,-0.0217,0.0009,-66.2616,9.7244,0.9096104774247559,0.024657534246575342,0.2001941601934189,1248.4374694982082,0.65
10,SPX,1242.29,SPT060722P01140000,,put,2006-07-22,2006-07-13,1140.0,0.3,0.4,1.2,5,4142,0.3143,-0.0315,0.0012,-89.2961,13.2908,0.9176601276674529,0.024657534246575342,0.1870337709129963,1248.03241383132,0.8
11,SPX,1242.29,SPT060722P01145000,,put,2006-07-22,2006-07-13,1145.0,0.5,0.7,1.0,10,932,0.3086,-0.036,0.0014,-97.8126,14.8429,0.9216849527888014,0.024657534246575342,0.1807475916586343,1247.838981701716,0.85
12,SPX,1242.29,SPT060722C01150000,,call,2006-07-22,2006-07-13,1150.0,100.0,90.8,93.3,1,565,0.1655,0.9992,0.0001,-64.891,0.5253,0.9257097779101499,0.024657534246575342,0.18183089362865495,1247.8723138670125,92.05
13,SPX,1242.29,SPT060722P01150000,,put,2006-07-22,2006-07-13,1150.0,0.8,0.8,1.45,770,82644,0.3106,-0.045,0.0016,-117.9761,17.8043,0.9257097779101499,0.024657534246575342,0.17459696127121466,1247.649749565917,1.125
14,SPX,1242.29,SPT060722P01160000,,put,2006-07-22,2006-07-13,1160.0,1.2,1.05,1.75,133,15864,0.2964,-0.057,0.0021,-135.4064,21.4703,0.9337594281528467,0.024657534246575342,0.15978378236357305,1247.1941206430865,1.4
15,SPX,1242.29,SPT060722P01165000,,put,2006-07-22,2006-07-13,1165.0,0.5,1.15,1.95,15,9396,0.2883,-0.0636,0.0023,-143.3535,23.4052,0.9377842532741952,0.024657534246575342,0.1536573714324333,1247.0057310008144,1.5499999999999998
16,SPX,1242.29,SPT060722P01170000,,put,2006-07-22,2006-07-13,1170.0,1.5,1.4,2.2,675,20323,0.2836,-0.0736,0.0026,-157.5,26.1823,0.9418090783955437,0.024657534246575342,0.1462367774543533,1246.7775828083418,1.8
17,SPX,1242.29,SPT060722P01175000,,put,2006-07-22,2006-07-13,1175.0,1.8,1.5,2.0,3560,51814,0.267,-0.0761,0.0029,-151.8657,26.8761,0.9458339035168922,0.024657534246575342,0.1404423248565005,1246.5994598007849,1.75
18,SPX,1242.29,SPT060722P01180000,,put,2006-07-22,2006-07-13,1180.0,2.0,1.45,3.2,305,38959,0.2688,-0.0938,0.0033,-178.4998,31.4299,0.9498587286382407,0.024657534246575342,0.13328106295689052,1246.3793558727498,2.325
19,SPX,1242.29,SPT060722P01185000,,put,2006-07-22,2006-07-13,1185.0,2.25,1.8,2.6,1405,9158,0.2507,-0.0971,0.0036,-170.2378,32.2343,0.9538835537595892,0.024657534246575342,0.12651125356892842,1246.171319110719,2.2
20,SPX,1242.29,SPT060722C01190000,,call,2006-07-22,2006-07-13,1190.0,65.0,52.9,55.4,5,115,0.1655,0.9626,0.0026,-118.1104,15.298,0.9579083788809376,0.024657534246575342,0.12011306946374109,1245.974734339342,54.15
21,SPX,1242.29,SPT060722P01190000,,put,2006-07-22,2006-07-13,1190.0,3.0,2.85,3.5,10896,44851,0.2616,-0.1273,0.0042,-215.3156,39.1283,0.9579083788809376,0.024657534246575342,0.11969964367679879,1245.9620328622584,3.175
22,SPX,1242.29,SPT060722P01195000,,put,2006-07-22,2006-07-13,1195.0,3.3,2.7,4.0,922,11033,0.248,-0.1383,0.0047,-215.4485,41.439,0.9619332040022861,0.024657534246575342,0.11358538985583697,1245.7742027664556,3.35
23,SPX,1242.29,SZP060722C01200000,,call,2006-07-22,2006-07-13,1200.0,49.7,44.0,46.5,101,5730,0.1682,0.9229,0.0046,-160.431,27.1381,0.9659580291236346,0.024657534246575342,0.1074502732381246,1245.5857602254632,45.25
24,SPX,1242.29,SZP060722P01200000,,put,2006-07-22,2006-07-13,1200.0,3.8,3.3,4.2,16596,77152,0.2396,-0.1564,0.0053,-225.2229,44.9937,0.9659580291236346,0.024657534246575342,0.10679745623498628,1245.565710370208,3.75
25,SPX,1242.29,SZP060722P01205000,,put,2006-07-22,2006-07-13,1205.0,3.6,4.0,5.8,653,9006,0.2443,-0.19,0.0059,-259.2722,50.9317,0.9699828542449831,0.024657534246575342,0.09996675130736045,1245.3559394705792,4.9
26,SPX,1242.29,SZP060722P01210000,,put,2006-07-22,2006-07-13,1210.0,5.3,4.6,6.6,7696,19100,0.2374,-0.2156,0.0066,-270.6225,54.9391,0.9740076793663316,0.024657534246575342,0.0937755042050818,1245.1658368386516,5.6
27,SPX,1242.29,SZP060722P01215000,,put,2006-07-22,2006-07-13,1215.0,5.2,5.6,6.8,5790,30157,0.2272,-0.2417,0.0073,-274.673,58.5843,0.9780325044876801,0.024657534246575342,0.08739527054413168,1244.969961723739,6.199999999999999
28,SPX,1242.29,SZP060722C01220000,,call,2006-07-22,2006-07-13,1220.0,30.0,27.5,30.0,548,1934,0.1838,0.7614,0.009,-284.4601,58.1622,0.9820573296090285,0.024657534246575342,0.08083188781227346,1244.7684960288311,28.75
29,SPX,1242.29,SZP060722P01220000,,put,2006-07-22,2006-07-13,1220.0,6.6,6.6,7.7,8325,33845,0.2208,-0.2753,0.0081,-283.8517,62.6643,0.9820573296090285,0.024657534246575342,0.08060352325884049,1244.7614868731798,7.15
30,SPX,1242.29,SZP060722C01225000,,call,2006-07-22,2006-07-13,1225.0,25.0,23.7,26.2,73,8016,0.1814,0.7159,0.01,-300.225,63.6289,0.986082154730377,0.024657534246575342,0.07442210599225053,1244.5717766426478,24.95
31,SPX,1242.29,SZP060722P01225000,,put,2006-07-22,2006-07-13,1225.0,8.2,7.9,8.6,17937,55300,0.2143,-0.3129,0.0088,-290.2507,66.4876,0.986082154730377,0.024657534246575342,0.07413427170931453,1244.5629435950232,8.25
32,SPX,1242.29,SZP060722C01230000,,call,2006-07-22,2006-07-13,1230.0,23.0,20.2,22.7,570,2391,0.1803,0.6644,0.0108,-314.333,68.4312,0.9901069798517255,0.024657534246575342,0.0679477869612374,1244.373108137437,21.45
33,SPX,1242.29,SZP060722P01230000,,put,2006-07-22,2006-07-13,1230.0,9.4,9.1,10.0,14715,17482,0.2081,-0.355,0.0095,-293.7597,69.885,0.9901069798517255,0.024657534246575342,0.06793410849842069,1244.372688438873,9.55
34,SPX,1242.29,SZP060722C01235000,,call,2006-07-22,2006-07-13,1235.0,19.2,17.5,19.3,13,3794,0.1813,0.6081,0.0113,-326.8056,72.1206,0.994131804973074,0.024657534246575342,0.06165801531846395,1244.1801329536236,18.4
35,SPX,1242.29,SZP060722P01235000,,put,2006-07-22,2006-07-13,1235.0,11.0,10.7,13.2,6446,10268,0.2141,-0.4064,0.0097,-313.0434,72.8141,0.994131804973074,0.024657534246575342,0.06127958019310807,1244.1685232182529,11.95
36,SPX,1242.29,SZP060722C01240000,,call,2006-07-22,2006-07-13,1240.0,14.6,14.0,16.3,398,4448,0.1758,0.5517,0.012,-322.6731,74.2559,0.9981566300944225,0.024657534246575342,0.055213478091872534,1243.9824404787346,15.15
37,SPX,1242.29,SZP060722P01240000,,put,2006-07-22,2006-07-13,1240.0,13.5,12.8,14.0,18928,32200,0.2039,-0.4538,0.0104,-300.4702,74.3833,0.9981566300944225,0.024657534246575342,0.05509675695304414,1243.978860233409,13.4
38,SPX,1242.29,SZP060722C01245000,,call,2006-07-22,2006-07-13,1245.0,0.0,11.0,13.5,153,5504,0.1711,0.4909,0.0124,-313.3271,74.8656,1.0021814552157708,0.024657534246575342,0.04887942589128187,1243.7881678489016,12.25
39,SPX,1242.29,SZP060722P01245000,,put,2006-07-22,2006-07-13,1245.0,0.0,15.1,16.0,5172,24832,0.1998,-0.5062,0.0106,-292.2582,74.8761,1.0021814552157708,0.024657534246575342,0.048638602310619096,1243.780782112799,15.55
40,SPX,1242.29,SZP060722C01250000,,call,2006-07-22,2006-07-13,1250.0,10.0,9.0,10.7,3202,69870,0.1691,0.4284,0.0124,-301.5231,73.6775,1.0062062803371195,0.024657534246575342,0.04230120001382031,1243.5864382493342,9.85
41,SPX,1242.29,SZP060722P01250000,,put,2006-07-22,2006-07-13,1250.0,18.0,17.5,18.5,23098,102042,0.1961,-0.5603,0.0107,-278.7292,74.0285,1.0062062803371195,0.024657534246575342,0.04220913279622923,1243.5836151240762,18.0
42,SPX,1242.29,SZP060722C01255000,,call,2006-07-22,2006-07-13,1255.0,7.8,6.6,7.8,1077,11540,0.1594,0.36,0.0125,-269.2866,70.223,1.0102311054584678,0.024657534246575342,0.03624033522128509,1243.400603140382,7.199999999999999
43,SPX,1242.29,SZP060722P01255000,,put,2006-07-22,2006-07-13,1255.0,20.9,20.2,22.0,787,5854,0.1977,-0.6117,0.0103,-268.5501,71.928,1.0102311054584678,0.024657534246575342,0.03602777640661228,1243.3940862757465,21.1
44,SPX,1242.29,SZP060722C01260000,,call,2006-07-22,2006-07-13,1260.0,0.0,4.7,5.8,3904,19030,0.1539,0.2935,0.0119,-237.4972,64.6134,1.0142559305798164,0.024657534246575342,0.02986124579512011,1243.2050407874535,5.25
45,SPX,1242.29,SZP060722P01260000,,put,2006-07-22,2006-07-13,1260.0,0.0,23.3,25.8,7798,29719,0.2007,-0.6592,0.0097,-256.2786,68.8402,1.0142559305798164,0.024657534246575342,0.029545445642028875,1243.195360170131,24.55
46,SPX,1242.29,SZP060722C01265000,,call,2006-07-22,2006-07-13,1265.0,4.0,3.3,4.8,5377,18818,0.1552,0.2397,0.0107,-214.3126,58.3111,1.0182807557011648,0.024657534246575342,0.02360949661858537,1243.0134121200374,4.05
47,SPX,1242.29,SZP060722P01265000,,put,2006-07-22,2006-07-13,1265.0,27.1,26.8,28.3,840,18131,0.1935,-0.713,0.0094,-220.8329,63.9414,1.0182807557011648,0.024657534246575342,0.02322398059527583,1243.0015962466412,27.55
48,SPX,1242.29,SZP060722C01270000,,call,2006-07-22,2006-07-13,1270.0,2.7,2.5,2.6,3839,17182,0.1457,0.1751,0.0094,-166.2621,48.4078,1.0223055808225132,0.024657534246575342,0.017246875040699036,1242.818415319042,2.55
49,SPX,1242.29,SZP060722P01270000,,put,2006-07-22,2006-07-13,1270.0,29.4,30.6,33.1,497,23907,0.2029,-0.7464,0.0084,-214.3891,60.0954,1.0223055808225132,0.024657534246575342,0.017141989310796597,1242.8152011170353,31.85
50,SPX,1242.29,SZP060722C01275000,,call,2006-07-22,2006-07-13,1275.0,0.0,1.4,1.9,7275,81827,0.1417,0.1262,0.0078,-129.2143,38.8953,1.0263304059438618,0.024657534246575342,0.011165693669255431,1242.6320724743857,1.65
51,SPX,1242.29,SZP060722P01275000,,put,2006-07-22,2006-07-13,1275.0,0.0,34.6,37.1,1510,67838,0.205,-0.7832,0.0076,-192.0456,55.1101,1.0263304059438618,0.024657534246575342,0.010743492349780247,1242.619136190748,35.85
52,SPX,1242.29,SZP060722C01280000,,call,2006-07-22,2006-07-13,1280.0,1.3,1.0,1.7,2681,19412,0.148,0.102,0.0064,-115.2455,33.4322,1.0303552310652102,0.024657534246575342,0.00459200417102096,1242.4306693547778,1.35
53,SPX,1242.29,SZP060722P01280000,,put,2006-07-22,2006-07-13,1280.0,38.0,38.9,41.4,845,6642,0.2098,-0.8127,0.0068,-174.3579,50.4885,1.0303552310652102,0.024657534246575342,0.004463236737788472,1242.4267245350832,40.15
54,SPX,1242.29,SZP060722C01285000,,call,2006-07-22,2006-07-13,1285.0,0.8,0.7,1.2,1122,20731,0.1487,0.0753,0.0051,-91.8765,26.6521,1.0343800561865588,0.024657534246575342,-0.0013751105247309537,1242.247878592232,0.95
55,SPX,1242.29,SZP060722P01285000,,put,2006-07-22,2006-07-13,1285.0,42.3,43.4,45.9,127,5022,0.2165,-0.8361,0.0061,-160.4939,46.3906,1.0343800561865588,0.024657534246575342,-0.0017412116543900832,1242.2366646834907,44.65
56,SPX,1242.29,SZP060722C01290000,,call,2006-07-22,2006-07-13,1290.0,0.0,0.45,0.75,2359,19784,0.1471,0.0518,0.0038,-67.6051,19.9002,1.0384048813079072,0.024657534246575342,-0.007198884797043063,1242.0695047117847,0.6
57,SPX,1242.29,SZP060722P01290000,,put,2006-07-22,2006-07-13,1290.0,0.0,48.1,50.6,649,6438,0.226,-0.8531,0.0054,-152.7387,43.1595,1.0384048813079072,0.024657534246575342,-0.008117815285002297,1242.0413615242599,49.35
58,SPX,1242.29,SZP060722C01295000,,call,2006-07-22,2006-07-13,1295.0,0.35,0.3,0.6,422,25916,0.1503,0.0389,0.003,-54.714,15.8233,1.0424297064292556,0.024657534246575342,-0.014081754269409882,1241.858725282055,0.44999999999999996
59,SPX,1242.29,SZP060722P01295000,,put,2006-07-22,2006-07-13,1295.0,43.5,52.8,55.3,5,437,0.2343,-0.8688,0.0048,-142.8676,39.9654,1.0424297064292556,0.024657534246575342,-0.01444205883827212,1241.847692382151,54.05
60,SPX,1242.29,SXY060722C01300000,,call,2006-07-22,2006-07-13,1300.0,0.3,0.25,0.35,2075,73319,0.1515,0.0276,0.0022,-41.3941,11.914,1.0464545315506042,0.024657534246575342,-0.01974895153551944,1241.6852011725396,0.3
61,SPX,1242.29,SXY060722P01300000,,put,2006-07-22,2006-07-13,1300.0,55.9,57.7,60.2,44,35176,0.2469,-0.878,0.0044,-142.345,37.9947,1.0464545315506042,0.024657534246575342,-0.02078974111090496,1241.6533358358931,58.95
62,SPX,1242.29,SXY060722C01305000,,call,2006-07-22,2006-07-13,1305.0,0.0,0.1,0.25,424,53130,0.1483,0.0166,0.0015,-26.2542,7.7388,1.0504793566719526,0.024657534246575342,-0.02506895655381154,1241.522329818339,0.175
63,SPX,1242.29,SXY060722C01310000,,call,2006-07-22,2006-07-13,1310.0,0.2,0.15,0.2,837,15565,0.1601,0.0166,0.0014,-28.2941,7.7499,1.0545041817933012,0.024657534246575342,-0.03183579786201886,1241.3151946027972,0.175
64,SPX,1242.29,SXY060722C01315000,,call,2006-07-22,2006-07-13,1315.0,0.15,0.1,0.25,697,15155,0.1683,0.0148,0.0012,-26.9394,7.0372,1.0585290069146496,0.024657534246575342,-0.03892571689529732,1241.0982069455183,0.175
65,SPX,1242.29,SXY060722C01320000,,call,2006-07-22,2006-07-13,1320.0,0.15,0.05,0.15,265,12187,0.1655,0.009,0.0008,-17.2229,4.5831,1.062553832035998,0.024657534246575342,-0.04623660247611674,1240.8744963077218,0.1
66,SPX,1242.29,SXY060722P01320000,,put,2006-07-22,2006-07-13,1320.0,73.0,77.5,80.0,42,2419,0.2992,-0.9018,0.0031,-147.2274,32.5118,1.062553832035998,0.024657534246575342,-0.04558484990242245,1240.8944380797934,78.75
67,SPX,1242.29,SXY060722C01325000,,call,2006-07-22,2006-07-13,1325.0,0.1,0.1,0.15,648,60131,0.1655,0.006,0.0005,-11.8905,3.1695,1.0665786571573466,0.024657534246575342,-0.04733970323279771,1240.8407452972472,0.125
68,SPX,1242.29,SXY060722C01335000,,call,2006-07-22,2006-07-13,1335.0,0.05,0.05,0.1,246,4755,0.1655,0.0024,0.0002,-5.3196,1.4222,1.0746283074000436,0.024657534246575342,-0.06704271738957202,1240.238056847643,0.07500000000000001
69,SPX,1242.29,SXY060722C01340000,,call,2006-07-22,2006-07-13,1340.0,0.1,0.0,0.1,91,104117,0.1655,0.0015,0.0002,-3.4487,0.9233,1.078653132521392,0.024657534246575342,-0.07097592155803963,1240.11778052819,0.05
70,SPX,1242.29,SXY060722C01345000,,call,2006-07-22,2006-07-13,1345.0,0.05,0.0,0.05,40,4212,0.1655,0.0009,0.0001,-2.1904,0.5871,1.0826779576427406,0.024657534246575342,-0.081872735952051,1239.7846198102686,0.025
71,SPX,1242.29,SXY060722C01350000,,call,2006-07-22,2006-07-13,1350.0,0.05,0.0,0.05,1,52304,0.1655,0.0006,0.0001,-1.3633,0.3658,1.086702782764089,0.024657534246575342,-0.05521863699190706,1240.5997042783279,0.025
72,SPX,1242.29,SXY060722C01355000,,call,2006-07-22,2006-07-13,1355.0,0.05,0.0,0.1,1,3732,0.1655,0.0003,0.0,-0.8317,0.2234,1.0907276078854373,0.024657534246575342,-0.10842413105224982,1238.9732084610246,0.05
73,SPX,1242.29,SXY060722C01380000,,call,2006-07-22,2006-07-13,1380.0,0.15,0.0,0.1,5,14649,0.1655,0.0,0.0,-0.0524,0.0141,1.1108517334921797,0.024657534246575342,-inf,0.0,0.05
74,SPX,1242.29,SXY060722C01390000,,call,2006-07-22,2006-07-13,1390.0,0.05,0.0,0.8,5,1234,0.1655,0.0,0.0,-0.0152,0.0041,1.1189013837348767,0.024657534246575342,-inf,0.0,0.4
75,SPX,1242.29,SPQ060819P01000000,,put,2006-08-19,2006-07-13,1000.0,0.15,0.05,0.55,13,5844,0.2827,-0.0056,0.0001,-8.4677,6.2385,0.8049650242696955,0.10136986301369863,0.07189828090894655,1251.3772809443576,0.30000000000000004
76,SPX,1242.29,SPQ060819P01050000,,put,2006-08-19,2006-07-13,1050.0,0.9,0.55,0.9,516,10012,0.2682,-0.0181,0.0004,-22.2322,17.4493,0.8452132754831803,0.10136986301369863,0.06959295632366358,1251.0848802071646,0.7250000000000001
77,SPX,1242.29,SPQ060819P01075000,,put,2006-08-19,2006-07-13,1075.0,1.3,1.05,1.55,410,8196,0.2613,-0.0313,0.0007,-34.0569,27.6286,0.8653374010899226,0.10136986301369863,0.06721195746818431,1250.782952887336,1.3
78,SPX,1242.29,SPQ060819P01090000,,put,2006-08-19,2006-07-13,1090.0,1.7,1.5,2.0,5,0,0.2552,-0.0416,0.0009,-41.7672,34.8711,0.8774118764539681,0.10136986301369863,0.06592362997005667,1250.6196143241227,1.75
79,SPX,1242.29,SPQ060819P01095000,,put,2006-08-19,2006-07-13,1095.0,1.75,1.65,2.15,20,1200,0.2523,-0.0451,0.001,-44.0226,37.2487,0.8814367015753166,0.10136986301369863,0.06586046947439261,1250.6116071691397,1.9
80,SPX,1242.29,SPT060819C01100000,,call,2006-08-19,2006-07-13,1100.0,148.0,144.1,146.1,2,350,0.1358,0.9986,0.0001,-61.1798,1.7999,0.885461526696665,0.10136986301369863,0.06559065684437805,1250.5774023222402,145.1
81,SPX,1242.29,SPT060819P01100000,,put,2006-08-19,2006-07-13,1100.0,2.0,1.7,2.5,261,31422,0.2501,-0.0494,0.001,-46.841,40.0613,0.885461526696665,0.10136986301369863,0.06536426685061444,1250.5487029973574,2.1
82,SPX,1242.29,SPT060819P01115000,,put,2006-08-19,2006-07-13,1115.0,2.4,2.35,3.2,6,0,0.2432,-0.0645,0.0013,-55.7657,49.3724,0.8975360020607105,0.10136986301369863,0.0635855620466182,1250.3232405612741,2.7750000000000004
83,SPX,1242.29,SPT060819P01120000,,put,2006-08-19,2006-07-13,1120.0,2.0,2.6,3.4,4,31,0.2401,-0.0697,0.0014,-58.3457,52.4565,0.901560827182059,0.10136986301369863,0.06350636626127369,1250.3132029241792,3.0
84,SPX,1242.29,SPT060819C01125000,,call,2006-08-19,2006-07-13,1125.0,130.1,120.5,122.5,1,278,0.1358,0.9931,0.0004,-66.0672,7.5194,0.9055856523034075,0.10136986301369863,0.06273586198423357,1250.2155498835996,121.5
85,SPX,1242.29,SPT060819P01125000,,put,2006-08-19,2006-07-13,1125.0,2.9,2.9,3.7,771,10864,0.2379,-0.0761,0.0015,-61.6866,56.1176,0.9055856523034075,0.10136986301369863,0.06322096126444798,1250.27703005424,3.3
86,SPX,1242.29,SPT060819P01130000,,put,2006-08-19,2006-07-13,1130.0,3.0,3.2,4.0,259,2193,0.2353,-0.0827,0.0017,-64.8027,59.7697,0.9096104774247559,0.10136986301369863,0.06287997050853758,1250.233813492518,3.6
87,SPX,1242.29,SPT060819P01135000,,put,2006-08-19,2006-07-13,1135.0,3.4,3.5,4.3,569,136,0.2323,-0.0895,0.0018,-67.6667,63.4078,0.9136353025461044,0.10136986301369863,0.062474711867970684,1250.1824536760876,3.9
88,SPX,1242.29,SPT060819P01140000,,put,2006-08-19,2006-07-13,1140.0,3.6,3.9,4.7,147,238,0.2303,-0.0978,0.0019,-71.3881,67.6819,0.9176601276674529,0.10136986301369863,0.06194355617943749,1250.1151416901316,4.3
89,SPX,1242.29,SPT060819P01145000,,put,2006-08-19,2006-07-13,1145.0,4.0,4.3,5.1,131,1768,0.2279,-0.1064,0.0021,-74.8372,71.9363,0.9216849527888014,0.10136986301369863,0.0613468648045557,1250.039528858746,4.699999999999999
90,SPX,1242.29,SPT060819C01150000,,call,2006-08-19,2006-07-13,1150.0,105.0,97.4,99.4,7,176,0.1358,0.9745,0.0011,-76.9205,23.329,0.9257097779101499,0.10136986301369863,0.061622324440831336,1250.0744345818557,98.4
91,SPX,1242.29,SPT060819P01150000,,put,2006-08-19,2006-07-13,1150.0,4.8,4.6,5.2,4046,27669,0.2223,-0.1125,0.0022,-75.6654,74.872,0.9257097779101499,0.10136986301369863,0.06094180808963813,1249.988202609789,4.9
92,SPX,1242.29,SPT060819P01155000,,put,2006-08-19,2006-07-13,1155.0,4.8,5.1,6.1,41,561,0.2227,-0.1251,0.0024,-81.4726,80.735,0.9297346030314984,0.10136986301369863,0.06077577299375583,1249.967164291742,5.6
93,SPX,1242.29,SPT060819P01160000,,put,2006-08-19,2006-07-13,1160.0,5.7,5.5,6.5,328,3106,0.2188,-0.1343,0.0025,-83.6896,84.7787,0.9337594281528467,0.10136986301369863,0.060221657826519503,1249.896954884767,6.0
94,SPX,1242.29,SPT060819P01165000,,put,2006-08-19,2006-07-13,1165.0,7.0,6.1,7.1,235,1629,0.2168,-0.1461,0.0027,-87.4656,89.8019,0.9377842532741952,0.10136986301369863,0.060058427171366405,1249.8762734244847,6.6
95,SPX,1242.29,SPT060819P01170000,,put,2006-08-19,2006-07-13,1170.0,6.4,6.7,7.7,93,5220,0.2142,-0.1582,0.0029,-90.676,94.6731,0.9418090783955437,0.10136986301369863,0.05966839612552104,1249.8268575510945,7.2
96,SPX,1242.29,SPT060819P01175000,,put,2006-08-19,2006-07-13,1175.0,7.6,7.3,7.8,2418,31445,0.2087,-0.1681,0.0031,-91.3534,98.4764,0.9458339035168922,0.10136986301369863,0.05925255320355802,1249.7741735351149,7.55
97,SPX,1242.29,SPT060819P01180000,,put,2006-08-19,2006-07-13,1180.0,8.0,8.0,9.0,328,242,0.2085,-0.1846,0.0033,-96.3701,104.4843,0.9498587286382407,0.10136986301369863,0.058846193468199956,1249.722693109431,8.5
98,SPX,1242.29,SPT060819P01185000,,put,2006-08-19,2006-07-13,1185.0,8.8,8.7,9.7,695,3409,0.2053,-0.1989,0.0035,-98.7057,109.3586,0.9538835537595892,0.10136986301369863,0.05839639956636332,1249.6657126196612,9.2
99,SPX,1242.29,SPT060819C01190000,,call,2006-08-19,2006-07-13,1190.0,72.0,62.5,64.5,5,72,0.1515,0.8503,0.0039,-123.9375,91.2498,0.9579083788809376,0.10136986301369863,0.05808968110887075,1249.6268586073302,63.5
100,SPX,1242.29,SPT060819P01190000,,put,2006-08-19,2006-07-13,1190.0,10.0,9.2,10.0,507,701,0.1989,-0.2108,0.0037,-98.201,113.2069,0.9579083788809376,0.10136986301369863,0.058048646111931786,1249.621660530279,9.6
101,SPX,1242.29,SPT060819P01195000,,put,2006-08-19,2006-07-13,1195.0,10.3,10.1,11.7,407,939,0.1998,-0.2315,0.0039,-103.4954,119.4523,0.9619332040022861,0.10136986301369863,0.05774315671048446,1249.5829635721802,10.899999999999999
102,SPX,1242.29,SZP060819P01200000,,put,2006-08-19,2006-07-13,1200.0,11.7,11.1,12.1,8287,32259,0.195,-0.2475,0.0041,-103.8218,123.8749,0.9659580291236346,0.10136986301369863,0.05725050619052427,1249.520561062493,11.6
103,SPX,1242.29,SZP060819P01205000,,put,2006-08-19,2006-07-13,1205.0,12.3,12.1,13.7,1083,5036,0.1943,-0.2686,0.0043,-107.1341,129.268,0.9699828542449831,0.10136986301369863,0.05703897049021098,1249.4937674493367,12.899999999999999
104,SPX,1242.29,SZP060819P01210000,,put,2006-08-19,2006-07-13,1210.0,13.6,13.2,14.8,345,6010,0.1913,-0.2887,0.0046,-108.199,133.8929,0.9740076793663316,0.10136986301369863,0.056681436285977486,1249.448482625827,14.0
105,SPX,1242.29,SZP060819P01215000,,put,2006-08-19,2006-07-13,1215.0,13.8,14.5,16.1,54,794,0.1892,-0.3108,0.0048,-109.5288,138.4388,0.9780325044876801,0.10136986301369863,0.05629022780065598,1249.3989345414698,15.3
106,SPX,1242.29,SZP060819P01220000,,put,2006-08-19,2006-07-13,1220.0,16.3,16.1,17.4,3137,4064,0.1873,-0.3342,0.005,-110.5033,142.6554,0.9820573296090285,0.10136986301369863,0.05583647590565983,1249.3414675508986,16.75
107,SPX,1242.29,SZP060819C01225000,,call,2006-08-19,2006-07-13,1225.0,37.5,35.8,37.8,5,1156,0.1478,0.6704,0.0062,-149.0171,141.8729,0.986082154730377,0.10136986301369863,0.05554305717639357,1249.3043079203148,36.8
108,SPX,1242.29,SZP060819P01225000,,put,2006-08-19,2006-07-13,1225.0,18.5,17.2,18.8,9840,29892,0.1834,-0.3573,0.0052,-109.3786,146.2576,0.986082154730377,0.10136986301369863,0.0555656961097806,1249.3071749590272,18.0
109,SPX,1242.29,SZP060819P01230000,,put,2006-08-19,2006-07-13,1230.0,18.8,18.8,20.4,262,1332,0.1811,-0.3828,0.0054,-108.8749,149.565,0.9901069798517255,0.10136986301369863,0.0551031494786056,1249.248598456895,19.6
110,SPX,1242.29,SZP060819P01235000,,put,2006-08-19,2006-07-13,1235.0,20.3,20.4,22.4,663,1733,0.1792,-0.4094,0.0055,-108.0095,152.318,0.994131804973074,0.10136986301369863,0.05482406699085564,1249.2132570224364,21.4
111,SPX,1242.29,SZP060819C01240000,,call,2006-08-19,2006-07-13,1240.0,27.9,26.0,27.3,77,160,0.1403,0.5743,0.0071,-145.9721,153.6475,0.9981566300944225,0.10136986301369863,0.054506412216467216,1249.1730322274773,26.65
112,SPX,1242.29,SZP060819P01240000,,put,2006-08-19,2006-07-13,1240.0,21.3,22.2,24.2,2778,9611,0.1765,-0.4368,0.0057,-105.8235,154.3985,0.9981566300944225,0.10136986301369863,0.054413874444007,1249.1613143631953,23.2
113,SPX,1242.29,SZP060819C01245000,,call,2006-08-19,2006-07-13,1245.0,23.8,23.1,25.1,358,488,0.141,0.5383,0.0072,-145.6135,155.6448,1.0021814552157708,0.10136986301369863,0.05413744147325083,1249.1263108897838,24.1
114,SPX,1242.29,SZP060819P01245000,,put,2006-08-19,2006-07-13,1245.0,23.6,24.3,26.0,7124,2302,0.1739,-0.4652,0.0058,-102.9605,155.7702,1.0021814552157708,0.10136986301369863,0.054080972902735565,1249.1191606473576,25.15
115,SPX,1242.29,SZP060819C01250000,,call,2006-08-19,2006-07-13,1250.0,22.0,21.2,22.3,2745,30548,0.1419,0.5025,0.0072,-144.5174,156.3619,1.0062062803371195,0.10136986301369863,0.05376004175877423,1249.0785240318692,21.75
116,SPX,1242.29,SZP060819P01250000,,put,2006-08-19,2006-07-13,1250.0,26.5,26.4,28.4,6705,19997,0.1723,-0.4945,0.0059,-100.0927,156.3498,1.0062062803371195,0.10136986301369863,0.05365227051242778,1249.0648782277096,27.4
117,SPX,1242.29,SZP060819C01255000,,call,2006-08-19,2006-07-13,1255.0,19.3,17.9,19.5,47,1451,0.1373,0.4653,0.0074,-138.126,155.7717,1.0102311054584678,0.10136986301369863,0.05343359348194426,1249.0371901879025,18.7
118,SPX,1242.29,SZP060819P01255000,,put,2006-08-19,2006-07-13,1255.0,28.1,28.8,30.8,67,2292,0.1708,-0.5241,0.0059,-96.5261,156.0784,1.0102311054584678,0.10136986301369863,0.053402488443509255,1249.0332518381038,29.8
119,SPX,1242.29,SZP060819C01260000,,call,2006-08-19,2006-07-13,1260.0,16.1,16.0,17.1,2275,2106,0.1374,0.429,0.0073,-134.5488,153.8848,1.0142559305798164,0.10136986301369863,0.05298702798338782,1248.980649698136,16.55
120,SPX,1242.29,SZP060819P01260000,,put,2006-08-19,2006-07-13,1260.0,31.0,31.4,33.4,1618,4572,0.1696,-0.554,0.0059,-92.4332,154.9324,1.0142559305798164,0.10136986301369863,0.052932854170813566,1248.9737908248756,32.4
121,SPX,1242.29,SZP060819C01265000,,call,2006-08-19,2006-07-13,1265.0,15.8,13.2,14.8,59,413,0.1339,0.3904,0.0073,-127.0149,150.423,1.0182807557011648,0.10136986301369863,0.05271250903172431,1248.9458936125054,14.0
122,SPX,1242.29,SZP060819P01265000,,put,2006-08-19,2006-07-13,1265.0,32.5,34.1,36.1,303,2319,0.1681,-0.584,0.0059,-87.3469,152.8892,1.0182807557011648,0.10136986301369863,0.05257672899315711,1248.9287032346472,35.1
123,SPX,1242.29,SZP060819C01270000,,call,2006-08-19,2006-07-13,1270.0,12.1,11.2,12.8,4036,1617,0.1321,0.3529,0.0072,-120.0269,145.6183,1.0223055808225132,0.10136986301369863,0.052270462601746066,1248.8899293685363,12.0
124,SPX,1242.29,SZP060819P01270000,,put,2006-08-19,2006-07-13,1270.0,37.0,37.0,39.0,343,1248,0.1669,-0.6137,0.0058,-81.7994,149.976,1.0223055808225132,0.10136986301369863,0.05221280232282696,1248.8826296100297,38.0
125,SPX,1242.29,SZP060819C01275000,,call,2006-08-19,2006-07-13,1275.0,11.0,10.0,10.9,3446,35668,0.132,0.3185,0.0069,-113.885,139.8799,1.0263304059438618,0.10136986301369863,0.05202889172154655,1248.8593469176146,10.45
126,SPX,1242.29,SZP060819P01275000,,put,2006-08-19,2006-07-13,1275.0,38.0,40.1,42.1,325,13708,0.166,-0.6427,0.0057,-75.8631,146.2497,1.0263304059438618,0.10136986301369863,0.051946522661546174,1248.8489193098944,41.1
127,SPX,1242.29,SZP060819C01280000,,call,2006-08-19,2006-07-13,1280.0,9.5,8.0,9.0,2975,3706,0.128,0.2793,0.0067,-103.2997,131.7742,1.0303552310652102,0.10136986301369863,0.051648534256656664,1248.8111958456702,8.5
128,SPX,1242.29,SZP060819P01280000,,put,2006-08-19,2006-07-13,1280.0,41.0,43.5,45.5,91,434,0.1663,-0.6699,0.0056,-70.4661,141.9654,1.0303552310652102,0.10136986301369863,0.05153555662573923,1248.7968938836666,44.5
129,SPX,1242.29,SZP060819C01285000,,call,2006-08-19,2006-07-13,1285.0,7.5,6.5,7.5,132,1022,0.126,0.2442,0.0064,-94.1024,122.9878,1.0343800561865588,0.10136986301369863,0.051322124478662925,1248.7698757214623,7.0
130,SPX,1242.29,SZP060819P01285000,,put,2006-08-19,2006-07-13,1285.0,41.5,47.0,49.0,25,293,0.1664,-0.6962,0.0054,-64.4399,137.0487,1.0343800561865588,0.10136986301369863,0.051235798658122715,1248.7589479881392,48.0
131,SPX,1242.29,SZP060819C01290000,,call,2006-08-19,2006-07-13,1290.0,6.2,5.6,6.2,1554,1728,0.1259,0.2144,0.0059,-86.595,114.3308,1.0384048813079072,0.10136986301369863,0.05095567399356463,1248.7234884841675,5.9
132,SPX,1242.29,SZP060819P01290000,,put,2006-08-19,2006-07-13,1290.0,39.2,50.7,52.7,4,93,0.167,-0.7208,0.0051,-58.5354,131.7574,1.0384048813079072,0.10136986301369863,0.05086107687936256,1248.7115141617926,51.7
133,SPX,1242.29,SXY060819C01300000,,call,2006-08-19,2006-07-13,1300.0,3.9,3.6,4.1,8384,39724,0.123,0.1563,0.005,-68.458,93.902,1.0464545315506042,0.10136986301369863,0.050275535915154455,1248.637397581923,3.8499999999999996
134,SPX,1242.29,SXY060819P01300000,,put,2006-08-19,2006-07-13,1300.0,58.3,58.6,60.6,45,1685,0.1697,-0.764,0.0046,-47.538,120.7252,1.0464545315506042,0.10136986301369863,0.050193809477742685,1248.6270531661794,59.6
135,SPX,1242.29,SXY060819C01305000,,call,2006-08-19,2006-07-13,1305.0,2.75,2.6,3.4,3671,1704,0.1211,0.1299,0.0045,-59.103,82.8755,1.0504793566719526,0.10136986301369863,0.04986943162549839,1248.5859963135713,3.0
136,SPX,1242.29,SXY060819C01310000,,call,2006-08-19,2006-07-13,1310.0,2.0,1.95,2.75,3738,6766,0.1194,0.1066,0.0039,-50.3467,72.0453,1.0545041817933012,0.10136986301369863,0.04958156595691943,1248.5495619778344,2.35
137,SPX,1242.29,SXY060819C01315000,,call,2006-08-19,2006-07-13,1315.0,2.0,1.6,2.1,238,1422,0.1185,0.0875,0.0034,-42.9496,62.308,1.0585290069146496,0.10136986301369863,0.04928974745406865,1248.51262842832,1.85
138,SPX,1242.29,SXY060819C01320000,,call,2006-08-19,2006-07-13,1320.0,1.6,1.25,1.7,4092,18014,0.1184,0.0722,0.003,-36.909,53.9144,1.062553832035998,0.10136986301369863,0.04875505188170493,1248.444958359647,1.475
139,SPX,1242.29,SXY060819C01325000,,call,2006-08-19,2006-07-13,1325.0,1.3,1.0,1.3,6712,50515,0.118,0.0587,0.0025,-31.1341,45.8839,1.0665786571573466,0.10136986301369863,0.048579930076507016,1248.4227960698197,1.15
140,SPX,1242.29,SXY060819C01330000,,call,2006-08-19,2006-07-13,1330.0,0.9,0.7,1.1,5032,2922,0.1179,0.0476,0.0021,-26.2142,38.8676,1.070603482278695,0.10136986301369863,0.04817101953104486,1248.3710485118586,0.9
141,SPX,1242.29,SXY060819C01335000,,call,2006-08-19,2006-07-13,1335.0,0.75,0.65,0.9,5438,9373,0.1204,0.0416,0.0019,-23.9018,34.8986,1.0746283074000436,0.10136986301369863,0.04764991367982062,1248.305105766057,0.775
142,SPX,1242.29,SXY060819C01340000,,call,2006-08-19,2006-07-13,1340.0,0.6,0.35,0.75,4142,14438,0.1176,0.0304,0.0015,-17.9761,26.9714,1.078653132521392,0.10136986301369863,0.0474499477332894,1248.2798022281452,0.55
143,SPX,1242.29,SXY060819C01345000,,call,2006-08-19,2006-07-13,1345.0,0.55,0.2,0.55,45,3469,0.1148,0.0215,0.0011,-13.0665,20.1545,1.0826779576427406,0.10136986301369863,0.047365768684135716,1248.2691504290644,0.375
144,SPX,1242.29,SXY060819C01350000,,call,2006-08-19,2006-07-13,1350.0,0.3,0.2,0.4,57,33286,0.1165,0.0181,0.001,-11.4085,17.4168,1.086702782764089,0.10136986301369863,0.04700188005966016,1248.2231059497162,0.30000000000000004
145,SPX,1242.29,SXY060819C01355000,,call,2006-08-19,2006-07-13,1355.0,0.3,0.15,0.6,3775,4442,0.1165,0.0141,0.0008,-9.16,14.0364,1.0907276078854373,0.10136986301369863,0.046946380841286106,1248.2160835309792,0.375
146,SPX,1242.29,SXY060819C01360000,,call,2006-08-19,2006-07-13,1360.0,0.25,0.1,0.55,3781,5272,0.1165,0.0108,0.0006,-7.2885,11.2078,1.094752433006786,0.10136986301369863,0.045652495794131595,1248.0523770598588,0.325
147,SPX,1242.29,SXY060819C01375000,,call,2006-08-19,2006-07-13,1375.0,0.2,0.15,0.2,2588,41898,0.1165,0.0047,0.0003,-3.481,5.4028,1.1068269083708313,0.10136986301369863,0.04415260891954016,1247.8626334491541,0.175
148,SPX,1242.29,SPX060916P00800000,,put,2006-09-16,2006-07-13,800.0,0.1,0.0,0.5,20,3782,0.2739,0.0,0.0,-0.0589,0.079,0.6439720194157564,0.1780821917808219,inf,inf,0.25
149,SPX,1242.29,SPQ060916P01000000,,put,2006-09-16,2006-07-13,1000.0,1.15,1.0,1.35,32,52430,0.2739,-0.0213,0.0004,-19.1508,26.5958,0.8049650242696955,0.1780821917808219,0.060227185594484915,1255.6857526855197,1.175
150,SPX,1242.29,SPQ060916P01050000,,put,2006-09-16,2006-07-13,1050.0,2.5,2.3,3.1,2360,15730,0.26,-0.0461,0.0007,-33.8908,50.4122,0.8452132754831803,0.1780821917808219,0.05936399893314758,1255.4927458010113,2.7
151,SPX,1242.29,SPT060916P01100000,,put,2006-09-16,2006-07-13,1100.0,5.0,4.6,5.4,28,49406,0.2363,-0.0848,0.0013,-48.2606,81.0323,0.885461526696665,0.1780821917808219,0.058083889991045745,1255.2065705118766,5.0
152,SPX,1242.29,SPT060916P01125000,,put,2006-09-16,2006-07-13,1125.0,6.6,6.5,7.5,36,18760,0.2263,-0.1164,0.0017,-57.2279,102.1067,0.9055856523034075,0.1780821917808219,0.05734885228413515,1255.042278332322,7.0
153,SPX,1242.29,SPT060916P01150000,,put,2006-09-16,2006-07-13,1150.0,8.6,9.2,10.2,1137,59775,0.2158,-0.1577,0.0021,-65.6548,125.6782,0.9257097779101499,0.1780821917808219,0.05663814871108913,1254.8834456521129,9.7
154,SPX,1242.29,SPT060916P01175000,,put,2006-09-16,2006-07-13,1175.0,12.4,12.5,14.1,7598,40662,0.2047,-0.2108,0.0027,-72.3804,150.6596,0.9458339035168922,0.1780821917808219,0.05616635181703092,1254.7780164995806,13.3
155,SPX,1242.29,SZP060916C01200000,,call,2006-09-16,2006-07-13,1200.0,71.5,63.9,65.9,2,9259,0.1512,0.7672,0.0039,-117.1357,159.4267,0.9659580291236346,0.1780821917808219,0.055513889454636124,1254.6322298929742,64.9
156,SPX,1242.29,SZP060916P01200000,,put,2006-09-16,2006-07-13,1200.0,18.6,17.4,19.0,12937,113824,0.1937,-0.2791,0.0033,-76.289,175.2896,0.9659580291236346,0.1780821917808219,0.055508442536294084,1254.6310129013593,18.2
157,SPX,1242.29,SZP060916P01210000,,put,2006-09-16,2006-07-13,1210.0,19.6,19.6,21.6,27,6275,0.1892,-0.311,0.0036,-76.5562,184.252,0.9740076793663316,0.1780821917808219,0.05525573636484681,1254.5745526786698,20.6
158,SPX,1242.29,SZP060916P01225000,,put,2006-09-16,2006-07-13,1225.0,23.3,23.9,25.0,4774,61256,0.181,-0.3633,0.004,-74.3828,195.723,0.986082154730377,0.1780821917808219,0.05488639422429447,1254.4920379367147,24.45
159,SPX,1242.29,SZP060916C01230000,,call,2006-09-16,2006-07-13,1230.0,50.0,42.5,44.5,150,3861,0.1457,0.6373,0.0049,-121.916,195.618,0.9901069798517255,0.1780821917808219,0.054829814877814166,1254.4793980220957,43.5
160,SPX,1242.29,SZP060916P01230000,,put,2006-09-16,2006-07-13,1230.0,25.0,25.5,27.5,91,6621,0.1813,-0.3837,0.004,-74.8121,199.1622,0.9901069798517255,0.1780821917808219,0.05480825284876186,1254.4745810645502,26.5
161,SPX,1242.29,SZP060916C01235000,,call,2006-09-16,2006-07-13,1235.0,46.3,39.3,41.3,50,4795,0.1444,0.6129,0.0051,-121.3716,199.6738,0.994131804973074,0.1780821917808219,0.054692086120489515,1254.448629734335,40.3
162,SPX,1242.29,SZP060916P01235000,,put,2006-09-16,2006-07-13,1235.0,27.5,27.2,29.2,651,14583,0.1793,-0.4035,0.0041,-73.6572,201.9482,0.994131804973074,0.1780821917808219,0.05467476757082035,1254.4447608635655,28.2
163,SPX,1242.29,SZP060916C01240000,,call,2006-09-16,2006-07-13,1240.0,38.5,36.1,38.1,108,22493,0.1425,0.588,0.0052,-120.1119,202.9821,0.9981566300944225,0.1780821917808219,0.05458708868399213,1254.4251740553455,37.1
164,SPX,1242.29,SZP060916P01240000,,put,2006-09-16,2006-07-13,1240.0,29.8,29.0,31.0,360,27983,0.1774,-0.4239,0.0042,-72.2459,204.2712,0.9981566300944225,0.1780821917808219,0.05458602619774559,1254.4249367057319,30.0
165,SPX,1242.29,SZP060916C01245000,,call,2006-09-16,2006-07-13,1245.0,35.8,33.1,35.1,53,11254,0.1411,0.562,0.0054,-118.7262,205.5465,1.0021814552157708,0.1780821917808219,0.05445622508889391,1254.39594067482,34.1
166,SPX,1242.29,SZP060916P01245000,,put,2006-09-16,2006-07-13,1245.0,30.8,31.0,33.0,106,17060,0.1759,-0.445,0.0043,-70.7368,206.0839,1.0021814552157708,0.1780821917808219,0.05441485836022158,1254.3866999782424,32.0
167,SPX,1242.29,SZP060916C01250000,,call,2006-09-16,2006-07-13,1250.0,32.0,30.2,32.2,2698,71632,0.1396,0.5354,0.0055,-116.8676,207.2488,1.0062062803371195,0.1780821917808219,0.05439157100041378,1254.381497967009,31.200000000000003
168,SPX,1242.29,SZP060916C01255000,,call,2006-09-16,2006-07-13,1255.0,32.5,27.5,29.5,8041,29590,0.1384,0.5081,0.0055,-114.7572,208.0245,1.0102311054584678,0.1780821917808219,0.05424173644839914,1254.3480279208445,28.5
169,SPX,1242.29,SZP060916P01255000,,put,2006-09-16,2006-07-13,1255.0,35.0,35.2,37.2,8012,29707,0.1725,-0.4883,0.0044,-66.4875,207.9788,1.0102311054584678,0.1780821917808219,0.054271497396362174,1254.3546758511054,36.2
170,SPX,1242.29,SZP060916C01260000,,call,2006-09-16,2006-07-13,1260.0,26.5,24.8,26.8,8883,27388,0.1367,0.4803,0.0056,-111.9232,207.8142,1.0142559305798164,0.1780821917808219,0.05414122410525488,1254.325575971479,25.8
171,SPX,1242.29,SZP060916P01260000,,put,2006-09-16,2006-07-13,1260.0,37.0,37.5,39.5,9567,28014,0.171,-0.5106,0.0045,-63.9671,207.9945,1.0142559305798164,0.1780821917808219,0.05409884367376492,1254.3161093610543,38.5
172,SPX,1242.29,SZP060916C01265000,,call,2006-09-16,2006-07-13,1265.0,29.0,22.3,24.3,561,20013,0.1354,0.4522,0.0056,-108.8997,206.5732,1.0182807557011648,0.1780821917808219,0.054023639976241926,1254.2993111212006,23.3
173,SPX,1242.29,SZP060916P01265000,,put,2006-09-16,2006-07-13,1265.0,31.0,39.9,41.9,746,21794,0.1694,-0.5331,0.0045,-61.0444,207.35,1.0182807557011648,0.1780821917808219,0.05403408509831148,1254.3016442332666,40.9
174,SPX,1242.29,SZP060916C01270000,,call,2006-09-16,2006-07-13,1270.0,22.8,19.9,21.9,292,24132,0.1339,0.4238,0.0056,-105.333,204.2589,1.0223055808225132,0.1780821917808219,0.05393406456166197,1254.2793029663947,20.9
175,SPX,1242.29,SZP060916P01270000,,put,2006-09-16,2006-07-13,1270.0,42.3,42.5,44.5,1535,27623,0.1683,-0.5557,0.0045,-58.0923,206.0395,1.0223055808225132,0.1780821917808219,0.053850777758020156,1254.260699763503,43.5
176,SPX,1242.29,SZP060916C01275000,,call,2006-09-16,2006-07-13,1275.0,20.0,17.9,19.5,2197,82986,0.1328,0.3956,0.0056,-101.6267,200.9016,1.0263304059438618,0.1780821917808219,0.05380844357945853,1254.2512439737554,18.7
177,SPX,1242.29,SZP060916P01275000,,put,2006-09-16,2006-07-13,1275.0,46.0,45.2,47.2,2269,69391,0.1671,-0.5783,0.0045,-54.7571,204.0495,1.0263304059438618,0.1780821917808219,0.05375797236911339,1254.2399707844354,46.2
178,SPX,1242.29,SZP060916P01280000,,put,2006-09-16,2006-07-13,1280.0,47.5,48.1,50.1,2,21314,0.1663,-0.6006,0.0045,-51.3746,201.4202,1.0303552310652102,0.1780821917808219,0.05364191329846477,1254.2140483532792,49.1
179,SPX,1242.29,SZP060916C01285000,,call,2006-09-16,2006-07-13,1285.0,15.9,13.9,15.5,10,13221,0.1293,0.3382,0.0054,-92.2089,190.715,1.0343800561865588,0.1780821917808219,0.05356819747131636,1254.197583796445,14.7
180,SPX,1242.29,SZP060916C01290000,,call,2006-09-16,2006-07-13,1290.0,13.2,12.1,13.7,657,726,0.1277,0.3101,0.0053,-87.0956,184.0149,1.0384048813079072,0.1780821917808219,0.053503837416594535,1254.1832090442113,12.899999999999999
181,SPX,1242.29,SXY060916C01300000,,call,2006-09-16,2006-07-13,1300.0,9.7,9.3,10.3,10316,64022,0.1251,0.2565,0.0049,-76.5717,167.995,1.0464545315506042,0.1780821917808219,0.053229546073821646,1254.1219482013078,9.8
182,SPX,1242.29,SXY060916P01300000,,put,2006-09-16,2006-07-13,1300.0,61.6,61.1,63.1,266,60792,0.165,-0.6848,0.0041,-36.6382,185.3198,1.0464545315506042,0.1780821917808219,0.053236071005351576,1254.1234054593867,62.1
183,SPX,1242.29,SXY060916C01325000,,call,2006-09-16,2006-07-13,1325.0,4.2,3.9,4.7,2606,56020,0.1185,0.1409,0.0036,-48.563,116.5926,1.0665786571573466,0.1780821917808219,0.05269578803702464,1254.002746062582,4.3
184,SPX,1242.29,SXY060916P01325000,,put,2006-09-16,2006-07-13,1325.0,68.1,80.4,82.4,79,23064,0.169,-0.7693,0.0035,-19.1224,158.6266,1.0665786571573466,0.1780821917808219,0.05269680683645825,1254.0029735763662,81.4
185,SPX,1242.29,SXY060916C01330000,,call,2006-09-16,2006-07-13,1330.0,3.9,3.2,4.0,4,7535,0.1178,0.1232,0.0033,-43.716,106.281,1.070603482278695,0.1780821917808219,0.05258570721936538,1253.9781635443662,3.6
186,SPX,1242.29,SXY060916C01335000,,call,2006-09-16,2006-07-13,1335.0,3.2,2.6,3.4,18,545,0.1166,0.106,0.003,-38.6402,95.4739,1.0746283074000436,0.1780821917808219,0.05251691149947332,1253.9628007850984,3.0
187,SPX,1242.29,SXY060916C01340000,,call,2006-09-16,2006-07-13,1340.0,2.85,2.25,2.85,345,6881,0.1162,0.0919,0.0027,-34.4737,85.9995,1.078653132521392,0.1780821917808219,0.0524180207560199,1253.9407178415024,2.55
188,SPX,1242.29,SXY060916C01350000,,call,2006-09-16,2006-07-13,1350.0,1.8,1.7,1.85,2995,41915,0.1156,0.0682,0.0022,-27.0472,68.6028,1.086702782764089,0.1780821917808219,0.05224693164111061,1253.9025134522997,1.775
189,SPX,1242.29,SXY060916P01350000,,put,2006-09-16,2006-07-13,1350.0,89.6,102.4,104.4,75,13163,0.1809,-0.8237,0.0027,-7.4837,135.0864,1.086702782764089,0.1780821917808219,0.052067980043437365,1253.8625546074281,103.4
190,SPX,1242.29,SXY060916C01375000,,call,2006-09-16,2006-07-13,1375.0,0.7,0.6,0.9,147,21344,0.1167,0.0322,0.0012,-14.6034,37.6084,1.1068269083708313,0.1780821917808219,0.051700479416672954,1253.7804978600923,0.75
191,SPX,1242.29,SXZ060916C01400000,,call,2006-09-16,2006-07-13,1400.0,0.3,0.2,0.45,335,42765,0.1184,0.0144,0.0006,-7.3917,19.1248,1.1269510339775737,0.1780821917808219,0.050731629776671734,1253.5641956685201,0.325
192,SPX,1242.29,SPX061216P00800000,,put,2006-12-16,2006-07-13,800.0,0.4,0.25,0.75,4,16944,0.2914,-0.0057,0.0001,-4.0648,13.0712,0.6439720194157564,0.4273972602739726,0.05560922633976884,1272.169462911084,0.5
193,SPX,1242.29,SXB061216P00950000,,put,2006-12-16,2006-07-13,950.0,3.0,2.7,3.5,105,36349,0.2587,-0.035,0.0004,-16.4665,62.5789,0.7647167730562108,0.4273972602739726,0.0558985442706467,1272.3267810870436,3.1
194,SPX,1242.29,SXB061216P00995000,,put,2006-12-16,2006-07-13,995.0,3.8,4.5,5.5,3010,40033,0.2478,-0.055,0.0006,-22.2142,90.1172,0.800940199148347,0.4273972602739726,0.05572672694890113,1272.2333521513187,5.0
195,SPX,1242.29,SPQ061216P01000000,,put,2006-12-16,2006-07-13,1000.0,4.2,4.8,5.8,4,24471,0.247,-0.058,0.0006,-23.028,93.9766,0.8049650242696955,0.4273972602739726,0.05572025588751606,1272.2298335227097,5.3
196,SPX,1242.29,SPQ061216P01050000,,put,2006-12-16,2006-07-13,1050.0,8.5,8.2,9.2,1325,47584,0.2346,-0.0921,0.0009,-30.1412,133.8688,0.8452132754831803,0.4273972602739726,0.05554356043945717,1272.1337594343265,8.7
197,SPX,1242.29,SPQ061216P01075000,,put,2006-12-16,2006-07-13,1075.0,9.0,10.2,11.8,10,10601,0.2281,-0.1144,0.001,-33.5987,156.7342,0.8653374010899226,0.4273972602739726,0.05546841922034165,1272.092905322338,11.0
198,SPX,1242.29,SPT061216C01100000,,call,2006-12-16,2006-07-13,1100.0,171.0,167.2,169.2,2,1108,0.1351,0.9544,0.0009,-68.0778,77.606,0.885461526696665,0.4273972602739726,0.055308989685767716,1272.0062281876326,168.2
199,SPX,1242.29,SPT061216P01100000,,put,2006-12-16,2006-07-13,1100.0,13.0,13.0,14.0,2028,63770,0.2199,-0.1395,0.0012,-36.2369,179.9464,0.885461526696665,0.4273972602739726,0.05533785763161421,1272.0219224002815,13.5
200,SPX,1242.29,SPT061216P01125000,,put,2006-12-16,2006-07-13,1125.0,16.2,16.3,17.9,862,32566,0.2143,-0.172,0.0015,-39.3527,206.6013,0.9055856523034075,0.4273972602739726,0.055189810923061945,1271.9414380677845,17.1
201,SPX,1242.29,SPT061216P01150000,,put,2006-12-16,2006-07-13,1150.0,20.1,20.1,22.1,9425,62972,0.207,-0.2084,0.0017,-41.1756,232.4829,0.9257097779101499,0.4273972602739726,0.05506051759568387,1271.8711530170024,21.1
202,SPX,1242.29,SPT061216P01175000,,put,2006-12-16,2006-07-13,1175.0,25.5,24.9,26.9,120,31718,0.1996,-0.2507,0.002,-41.9689,257.9327,0.9458339035168922,0.4273972602739726,0.05504171633397433,1271.8609328003784,25.9
203,SPX,1242.29,SZP061216P01200000,,put,2006-12-16,2006-07-13,1200.0,31.0,30.8,32.8,217,69127,0.1926,-0.3,0.0022,-41.5599,281.7769,0.9659580291236346,0.4273972602739726,0.05490696983622463,1271.787688077201,31.799999999999997
204,SPX,1242.29,SZP061216P01210000,,put,2006-12-16,2006-07-13,1210.0,32.7,33.4,35.4,5,3433,0.1896,-0.3215,0.0023,-40.8728,290.3644,0.9740076793663316,0.4273972602739726,0.05483122724411861,1271.7465182082626,34.4
205,SPX,1242.29,SZP061216P01225000,,put,2006-12-16,2006-07-13,1225.0,39.0,37.8,39.8,349,48580,0.1854,-0.3559,0.0025,-39.3815,301.9766,0.986082154730377,0.4273972602739726,0.054790614791975625,1271.7244438679002,38.8
206,SPX,1242.29,SZP061216C01250000,,call,2006-12-16,2006-07-13,1250.0,55.5,54.5,56.5,113,36415,0.1379,0.5932,0.0035,-88.3462,314.4405,1.0062062803371195,0.4273972602739726,0.05470317110300799,1271.6769163528313,55.5
207,SPX,1242.29,SZP061216P01250000,,put,2006-12-16,2006-07-13,1250.0,47.0,46.4,48.0,2512,71240,0.1784,-0.4185,0.0027,-35.2196,316.539,1.0062062803371195,0.4273972602739726,0.05470412911089097,1271.6774370409807,47.2
208,SPX,1242.29,SZP061216C01260000,,call,2006-12-16,2006-07-13,1260.0,49.5,48.6,50.6,1805,4060,0.1358,0.5589,0.0036,-86.4081,319.7794,1.0142559305798164,0.4273972602739726,0.054679417032306596,1271.6640058141838,49.6
209,SPX,1242.29,SZP061216P01260000,,put,2006-12-16,2006-07-13,1260.0,50.0,50.4,52.4,1810,5798,0.1769,-0.4453,0.0028,-33.3771,320.2699,1.0142559305798164,0.4273972602739726,0.05469122758967741,1271.6704249357788,51.4
210,SPX,1242.29,SZP061216C01265000,,call,2006-12-16,2006-07-13,1265.0,48.5,45.8,47.8,17,2241,0.1348,0.5413,0.0036,-85.2698,321.5796,1.0182807557011648,0.4273972602739726,0.05468465539365139,1271.6668528966836,46.8
211,SPX,1242.29,SZP061216P01265000,,put,2006-12-16,2006-07-13,1265.0,47.5,52.4,54.4,4,11781,0.1756,-0.459,0.0028,-32.1222,321.5977,1.0182807557011648,0.4273972602739726,0.054621782536460634,1271.6326815222835,53.4
212,SPX,1242.29,SZP061216C01275000,,call,2006-12-16,2006-07-13,1275.0,44.2,40.5,42.5,555,42982,0.1332,0.5053,0.0037,-82.7672,323.2818,1.0263304059438618,0.4273972602739726,0.05464504658914166,1271.6453254192033,41.5
213,SPX,1242.29,SZP061216P01275000,,put,2006-12-16,2006-07-13,1275.0,57.3,56.8,58.8,592,67523,0.1735,-0.4867,0.0028,-29.5091,323.1301,1.0263304059438618,0.4273972602739726,0.054607408059348495,1271.6248691283074,57.8
214,SPX,1242.29,SZP061216P01285000,,put,2006-12-16,2006-07-13,1285.0,55.6,61.6,63.6,2,4381,0.1719,-0.5148,0.0029,-26.7142,323.088,1.0343800561865588,0.4273972602739726,0.054556946372790835,1271.5974440532325,62.6
215,SPX,1242.29,SXY061216C01300000,,call,2006-12-16,2006-07-13,1300.0,30.0,28.5,30.5,540,79456,0.1287,0.4127,0.0037,-74.2244,315.5356,1.0464545315506042,0.4273972602739726,0.05453197426073101,1271.5838723505256,29.5
216,SPX,1242.29,SXY061216P01300000,,put,2006-12-16,2006-07-13,1300.0,66.0,69.3,71.3,571,54040,0.1695,-0.5573,0.0029,-21.8592,319.9699,1.0464545315506042,0.4273972602739726,0.05450951363493426,1271.571665699948,70.3
217,SPX,1242.29,SXY061216P01315000,,put,2006-12-16,2006-07-13,1315.0,75.0,77.8,79.8,5,3207,0.1675,-0.5995,0.0028,-16.4292,313.1945,1.0585290069146496,0.4273972602739726,0.054478035436306096,1271.5545584765814,78.8
218,SPX,1242.29,SXY061216C01325000,,call,2006-12-16,2006-07-13,1325.0,20.0,19.0,20.6,74,30847,0.1232,0.3188,0.0036,-62.5309,289.3441,1.0665786571573466,0.4273972602739726,0.05445097955174152,1271.5398547993957,19.8
219,SPX,1242.29,SXY061216C01350000,,call,2006-12-16,2006-07-13,1350.0,13.0,11.9,13.5,436,42574,0.1195,0.2333,0.0032,-50.0385,248.0523,1.086702782764089,0.4273972602739726,0.0543301507652701,1271.4741917706551,12.7
220,SPX,1242.29,SXY061216P01350000,,put,2006-12-16,2006-07-13,1350.0,89.9,101.0,103.0,1,9618,0.1668,-0.6897,0.0026,-3.4229,286.0224,1.086702782764089,0.4273972602739726,0.05433939481381797,1271.4792152238344,102.0
221,SPX,1242.29,SXY061216C01375000,,call,2006-12-16,2006-07-13,1375.0,8.3,7.0,7.4,1586,25479,0.1141,0.1556,0.0026,-36.1713,193.6372,1.1068269083708313,0.4273972602739726,0.054220531674120026,1271.4146234568466,7.2
222,SPX,1242.29,SXZ061216C01400000,,call,2006-12-16,2006-07-13,1400.0,4.2,3.8,4.6,653,52925,0.112,0.1004,0.0019,-25.3771,142.5962,1.1269510339775737,0.4273972602739726,0.05420177021797392,1271.4044285388352,4.199999999999999
223,SPX,1242.29,SXZ061216C01425000,,call,2006-12-16,2006-07-13,1425.0,2.85,2.0,2.5,4,27232,0.1099,0.0603,0.0013,-16.5028,96.9207,1.147075159584316,0.4273972602739726,0.054066358830042134,1271.3308488281211,2.25
224,SPX,1242.29,SPQ070317P01000000,,put,2007-03-17,2006-07-13,1000.0,7.9,8.7,9.7,2,3246,0.2345,-0.0786,0.0006,-20.138,149.6536,0.8049650242696955,0.6767123287671233,0.05513749862709885,1289.5182199625845,9.2
225,SPX,1242.29,SPT070317P01115000,,put,2007-03-17,2006-07-13,1115.0,18.8,21.7,23.7,200,0,0.2118,-0.1785,0.0012,-28.3817,266.3672,0.8975360020607105,0.6767123287671233,0.05497769504443137,1289.3787776422434,22.7
226,SPX,1242.29,SPT070317P01150000,,put,2007-03-17,2006-07-13,1150.0,28.4,28.0,30.0,50,8563,0.2043,-0.2223,0.0014,-29.2582,303.9552,0.9257097779101499,0.6767123287671233,0.05490963354524921,1289.3193927303864,29.0
227,SPX,1242.29,SPT070317P01175000,,put,2007-03-17,2006-07-13,1175.0,33.5,33.3,35.3,31,15405,0.1986,-0.2579,0.0016,-29.0342,329.6226,0.9458339035168922,0.6767123287671233,0.054870737119474836,1289.2854561105394,34.3
228,SPX,1242.29,SZP070317P01200000,,put,2007-03-17,2006-07-13,1200.0,39.7,39.5,41.5,410,18017,0.1933,-0.2978,0.0018,-28.1164,353.6485,0.9659580291236346,0.6767123287671233,0.05484905731407607,1289.2665411531955,40.5
229,SPX,1242.29,SZP070317C01225000,,call,2007-03-17,2006-07-13,1225.0,94.0,89.1,91.1,12,155,0.1351,0.6969,0.0025,-78.2562,356.4788,0.986082154730377,0.6767123287671233,0.054824259364989546,1289.2449060524973,90.1
230,SPX,1242.29,SZP070317C01250000,,call,2007-03-17,2006-07-13,1250.0,76.0,73.4,75.4,16,4234,0.1338,0.6314,0.0028,-77.111,384.8393,1.0062062803371195,0.6767123287671233,0.05477107631803738,1289.1985074485988,74.4
231,SPX,1242.29,SZP070317P01250000,,put,2007-03-17,2006-07-13,1250.0,52.3,55.0,57.0,3676,47832,0.1831,-0.3896,0.0021,-23.4612,391.4548,1.0062062803371195,0.6767123287671233,0.05478301229865981,1289.2089206373817,56.0
232,SPX,1242.29,SZP070317C01275000,,call,2007-03-17,2006-07-13,1275.0,64.0,59.0,61.0,250,8999,0.1307,0.5622,0.003,-73.9877,402.18,1.0263304059438618,0.6767123287671233,0.05473744067691326,1289.1691634934393,60.0
233,SPX,1242.29,SZP070317P01275000,,put,2007-03-17,2006-07-13,1275.0,60.0,64.7,66.7,620,14351,0.1788,-0.4409,0.0022,-19.6697,402.6677,1.0263304059438618,0.6767123287671233,0.05473887698469675,1289.170416524171,65.7
234,SPX,1242.29,SXY070317C01300000,,call,2007-03-17,2006-07-13,1300.0,50.0,46.1,48.1,2,44948,0.1276,0.4891,0.0031,-69.2391,406.9916,1.0464545315506042,0.6767123287671233,0.05472116807638722,1289.154967409143,47.1
235,SPX,1242.29,SXY070317P01300000,,put,2007-03-17,2006-07-13,1300.0,69.0,75.8,77.8,300,23719,0.1749,-0.4946,0.0022,-14.8139,407.1063,1.0464545315506042,0.6767123287671233,0.054683570392829284,1289.1221680937713,76.8
236,SPX,1242.29,SXY070317C01325000,,call,2007-03-17,2006-07-13,1325.0,37.5,34.8,36.8,15,4464,0.1247,0.4144,0.0031,-63.0209,397.7249,1.0665786571573466,0.6767123287671233,0.05469422371508007,1289.1314617112923,35.8
237,SPX,1242.29,SXY070317P01325000,,put,2007-03-17,2006-07-13,1325.0,88.0,88.6,90.6,100,2299,0.1722,-0.549,0.0023,-9.199,404.0739,1.0665786571573466,0.6767123287671233,0.05464645856559359,1289.0897934461664,89.6
238,SPX,1242.29,SXY070317P01350000,,put,2007-03-17,2006-07-13,1350.0,95.0,103.1,105.1,300,4822,0.1705,-0.6022,0.0022,-2.9522,393.7024,1.086702782764089,0.6767123287671233,0.054644958233735226,1289.0884846429021,104.1
239,SPX,1242.29,SPQ070616C01000000,,call,2007-06-16,2006-07-13,1000.0,287.0,277.8,280.4,1,6,0.1064,0.9962,0.0001,-52.6859,13.5575,0.8049650242696955,0.9260273972602739,0.055196219088936335,1307.4382152390879,279.1
240,SPX,1242.29,SZP070616P01200000,,put,2007-06-16,2006-07-13,1200.0,46.5,45.9,48.5,3,10724,0.195,-0.2915,0.0015,-20.7649,409.7757,0.9659580291236346,0.9260273972602739,0.05483624655835573,1307.0024606304692,47.2
241,SPX,1242.29,SZP070616C01250000,,call,2007-06-16,2006-07-13,1250.0,94.0,90.3,92.9,578,9490,0.1171,0.6743,0.0026,-68.5255,430.192,1.0062062803371195,0.9260273972602739,0.05480562599166742,1306.9654004689678,91.6
242,SPX,1242.29,SZP070616P01250000,,put,2007-06-16,2006-07-13,1250.0,57.0,61.3,63.9,350,23789,0.187,-0.3678,0.0017,-17.0127,450.0489,1.0062062803371195,0.9260273972602739,0.05481777659491638,1306.980106253887,62.599999999999994
243,SPX,1242.29,SZP070616C01275000,,call,2007-06-16,2006-07-13,1275.0,82.0,75.8,78.4,1,10275,0.1171,0.6087,0.0027,-66.6355,458.6378,1.0263304059438618,0.9260273972602739,0.05478707087171415,1306.9429436642963,77.1
244,SPX,1242.29,SZP070616P01275000,,put,2007-06-16,2006-07-13,1275.0,65.5,70.5,73.1,300,12582,0.1833,-0.4096,0.0018,-14.1563,464.1719,1.0263304059438618,0.9260273972602739,0.05480528628015206,1306.9649893210203,71.8
245,SPX,1242.29,SXY070616C01350000,,call,2007-06-16,2006-07-13,1350.0,42.0,39.6,42.2,128,17285,0.1171,0.4084,0.0028,-55.1159,463.8302,1.086702782764089,0.9260273972602739,0.05474355704198113,1306.8902814613703,40.900000000000006
246,SPX,1242.29,SXZ070616C01400000,,call,2007-06-16,2006-07-13,1400.0,26.2,22.5,25.1,10,20709,0.1167,0.2888,0.0025,-44.1412,407.9787,1.1269510339775737,0.9260273972602739,0.05471808578947292,1306.859456102343,23.8
247,SPX,1242.29,SXZ070616C01450000,,call,2007-06-16,2006-07-13,1450.0,14.0,11.3,13.1,10,4568,0.1112,0.1792,0.002,-30.3507,312.5478,1.1671992851910584,0.9260273972602739,0.0546458413707457,1306.7720297227022,12.2
248,SPX,1242.29,SZJ071222P00600000,,put,2007-12-22,2006-07-13,600.0,0.4,0.4,0.5,70,2106,0.2637,-0.0034,0.0,-1.14,15.2715,0.4829790145618173,1.4438356164383561,0.05512875878597102,1345.2142795902273,0.45
249,SPX,1242.29,SZT071222C01150000,,call,2007-12-22,2006-07-13,1150.0,188.0,185.9,188.5,1,260,0.1013,0.9109,0.0011,-60.3291,240.5253,0.9257097779101499,1.4438356164383561,0.05490488046203003,1344.779518091828,187.2
250,SPX,1242.29,SZT071222P01150000,,put,2007-12-22,2006-07-13,1150.0,44.0,44.5,47.1,1,8893,0.2072,-0.2258,0.001,-14.2953,448.2994,0.9257097779101499,1.4438356164383561,0.05487131458847701,1344.714346809386,45.8
251,SPX,1242.29,SZT071222C01200000,,call,2007-12-22,2006-07-13,1200.0,156.0,152.3,154.9,1,5266,0.1013,0.8404,0.0016,-61.9639,362.336,0.9659580291236346,1.4438356164383561,0.05485698765313623,1344.6865306863792,153.60000000000002
252,SPX,1242.29,SZT071222P01200000,,put,2007-12-22,2006-07-13,1200.0,56.0,57.0,59.6,501,31509,0.2009,-0.2768,0.0011,-12.7107,499.3943,0.9659580291236346,1.4438356164383561,0.054872987529216405,1344.7175949054922,58.3
253,SPX,1242.29,SZT071222C01250000,,call,2007-12-22,2006-07-13,1250.0,123.5,121.2,123.8,250,6537,0.1013,0.7456,0.0021,-61.499,478.4619,1.0062062803371195,1.4438356164383561,0.05485491861907467,1344.6825136497018,122.5
254,SPX,1242.29,SZT071222P01250000,,put,2007-12-22,2006-07-13,1250.0,72.5,72.0,74.6,750,21245,0.1949,-0.334,0.0013,-9.8853,542.8693,1.0062062803371195,1.4438356164383561,0.05485920576028008,1344.6908371622822,73.3
255,SPX,1242.29,SZT071222C01275000,,call,2007-12-22,2006-07-13,1275.0,115.0,106.7,109.3,100,14503,0.1013,0.6907,0.0023,-60.2762,525.7734,1.0263304059438618,1.4438356164383561,0.05483938463404774,1344.6523547481227,108.0
256,SPX,1242.29,SZT071222P01275000,,put,2007-12-22,2006-07-13,1275.0,74.0,80.6,83.2,100,14442,0.1921,-0.3647,0.0013,-7.9745,560.599,1.0263304059438618,1.4438356164383561,0.05485229763234145,1344.6774250122612,81.9
257,SPX,1242.29,SZT071222C01350000,,call,2007-12-22,2006-07-13,1350.0,73.5,68.4,71.0,10,8925,0.1013,0.5112,0.0026,-52.5714,594.9046,1.086702782764089,1.4438356164383561,0.05482462093094835,1344.623691959457,69.7
258,SPX,1242.29,SZT071222C01400000,,call,2007-12-22,2006-07-13,1400.0,52.0,47.6,50.2,20,12338,0.1013,0.3932,0.0025,-44.8066,573.6787,1.1269510339775737,1.4438356164383561,0.054800216335423355,1344.576313332277,48.900000000000006
259,SPX,1242.29,SZT071222C01450000,,call,2007-12-22,2006-07-13,1450.0,35.0,31.1,33.7,25,12292,0.1013,0.2879,0.0023,-36.1038,508.9157,1.1671992851910584,1.4438356164383561,0.05477909346321996,1344.5353071294044,32.400000000000006
260,SPX,1242.29,SXG081220P01100000,,put,2008-12-20,2006-07-13,1100.0,45.5,48.9,52.4,10,6510,0.2225,-0.1816,0.0006,-8.1855,512.0355,0.885461526696665,2.441095890410959,0.05490456322558021,1420.4642492523608,50.65
261,SPX,1242.29,SXG081220C01250000,,call,2008-12-20,2006-07-13,1250.0,179.0,171.3,174.8,50,8915,0.1057,0.804,0.0013,-56.9486,536.5551,1.0062062803371195,2.441095890410959,0.05485841105050257,1420.3042260870097,173.05
262,SPX,1242.29,SXG081220C01300000,,call,2008-12-20,2006-07-13,1300.0,153.0,144.1,147.6,75,20645,0.112,0.7235,0.0015,-56.2304,649.1253,1.0464545315506042,2.441095890410959,0.05485775269983726,1420.3019435220363,145.85
263,SPX,1242.29,SXG081220P01300000,,put,2008-12-20,2006-07-13,1300.0,100.0,103.8,107.3,84,20150,0.2066,-0.3316,0.0009,-1.411,703.9944,1.0464545315506042,2.441095890410959,0.054846753677236335,1420.2638093971043,105.55
