,UnderlyingSymbol,UnderlyingPrice,OptionSymbol,OptionExt,Type,Expiration,DataDate,Strike,Last,Bid,Ask,Volume,OpenInterest,IV,Delta,Gamma,Theta,Vega,m,tau,InterestR,ForwardP,Mid
0,SPX,1437.5,SAQ070330P01300000,,put,2007-03-30,2007-03-26,1300.0,0.15,0.05,0.15,34,580,0.4133,-0.005,0.0003,-44.3461,1.9769,0.9043478260869565,0.010958904109589041,0.9096884836185273,1451.9023797291154,0.1
1,SPX,1437.5,SAQ070330P01325000,,put,2007-03-30,2007-03-26,1325.0,0.25,0.1,0.15,800,629,0.3558,-0.0076,0.0004,-55.4069,2.8746,0.9217391304347826,0.010958904109589041,0.751256018612917,1449.3837069021583,0.125
2,SPX,1437.5,SAQ070330P01350000,,put,2007-03-30,2007-03-26,1350.0,0.2,0.1,0.2,11,1963,0.289,-0.0106,0.0007,-59.989,3.8432,0.9391304347826087,0.010958904109589041,0.5893518839788098,1446.8143572129231,0.15000000000000002
3,SPX,1437.5,SAQ070330P01375000,,put,2007-03-30,2007-03-26,1375.0,0.5,0.15,0.5,5,634,0.2385,-0.0237,0.0017,-98.3178,7.67,0.9565217391304348,0.010958904109589041,0.432476962174289,1444.3291637769057,0.325
4,SPX,1437.5,SLQ070330C01400000,,call,2007-03-30,2007-03-26,1400.0,30.3,35.2,37.2,1,1459,0.094,0.9987,0.0003,-77.8501,0.6062,0.9739130434782609,0.010958904109589041,0.2876332263390035,1442.0383573825127,36.2
5,SPX,1437.5,SLQ070330P01400000,,put,2007-03-30,2007-03-26,1400.0,0.9,0.95,1.4,50,169,0.2091,-0.0873,0.0055,-242.9863,21.8168,0.9739130434782609,0.010958904109589041,0.2777491254833697,1441.8821658138386,1.1749999999999998
6,SPX,1437.5,SLQ070330C01425000,,call,2007-03-30,2007-03-26,1425.0,16.0,13.4,15.4,9,640,0.094,0.8488,0.0182,-230.2397,32.2065,0.991304347826087,0.010958904109589041,0.12467307138683395,1439.4653701543803,14.4
7,SPX,1437.5,SLQ070330P01425000,,put,2007-03-30,2007-03-26,1425.0,3.8,3.7,4.7,74,102,0.1714,-0.2839,0.0144,-414.8206,46.5543,0.991304347826087,0.010958904109589041,0.12374110824486191,1439.450668545411,4.2
8,SPX,1437.5,SLQ070330C01450000,,call,2007-03-30,2007-03-26,1450.0,0.0,1.55,2.05,71,1172,0.1076,0.2149,0.0198,-252.8578,40.1334,1.008695652173913,0.010958904109589041,-0.02726118767104808,1437.0706070782992,1.7999999999999998
9,SPX,1437.5,SLQ070330P01450000,,put,2007-03-30,2007-03-26,1450.0,0.0,15.4,17.4,2,82,0.1695,-0.6901,0.0151,-395.7304,48.4543,1.008695652173913,0.010958904109589041,-0.027630224924777486,1437.0647952260488,16.4
10,SPX,1437.5,SLQ070330C01475000,,call,2007-03-30,2007-03-26,1475.0,0.3,0.0,0.25,10,1691,0.1771,0.0689,0.0054,-181.8595,18.2138,1.0260869565217392,0.010958904109589041,-0.17637395859382501,1434.7241896297076,0.125
11,SPX,1437.5,SLQ070330P01475000,,put,2007-03-30,2007-03-26,1475.0,47.1,38.8,40.8,2,2,0.2613,-0.8412,0.0067,-409.1008,33.2648,1.0260869565217392,0.010958904109589041,-0.17879562975302513,1434.686114187646,39.8
12,SPX,1437.5,SXB070421P00950000,,put,2007-04-21,2007-03-26,950.0,0.05,0.0,0.1,10,5297,0.2234,0.0,0.0,0.0,0.0,0.6608695652173913,0.07123287671232877,inf,inf,0.05
13,SPX,1437.5,SPT070421P01125000,,put,2007-04-21,2007-03-26,1125.0,0.15,0.1,0.5,50,3710,0.2234,0.0,0.0,-0.0303,0.0192,0.782608695652174,0.07123287671232877,inf,inf,0.3
14,SPX,1437.5,SPT070421P01150000,,put,2007-04-21,2007-03-26,1150.0,0.15,0.05,0.5,500,20378,0.2234,-0.0001,0.0,-0.1373,0.0871,0.8,0.07123287671232877,-0.04460393212262621,1432.9399276716556,0.275
15,SPX,1437.5,SPT070421P01175000,,put,2007-04-21,2007-03-26,1175.0,0.3,0.1,0.25,99,49693,0.2234,-0.0002,0.0,-0.5257,0.3341,0.8173913043478261,0.07123287671232877,0.10753741999510895,1448.5538203687165,0.175
16,SPX,1437.5,SZP070421P01200000,,put,2007-04-21,2007-03-26,1200.0,0.3,0.2,0.5,627,48046,0.2234,-0.0008,0.0,-1.7184,1.0948,0.8347826086956521,0.07123287671232877,0.08152577720504334,1445.872303000981,0.35
17,SPX,1437.5,SZP070421P01225000,,put,2007-04-21,2007-03-26,1225.0,0.65,0.3,0.65,3,58864,0.2234,-0.0026,0.0001,-4.8402,3.0921,0.8521739130434782,0.07123287671232877,0.0683753212809935,1444.5185238034678,0.475
18,SPX,1437.5,SZP070421P01230000,,put,2007-04-21,2007-03-26,1230.0,0.5,0.3,0.7,50,2380,0.2234,-0.0033,0.0001,-5.8529,3.7413,0.8556521739130435,0.07123287671232877,0.06027386330265577,1443.685146871196,0.5
19,SPX,1437.5,SZP070421P01240000,,put,2007-04-21,2007-03-26,1240.0,0.5,0.25,0.75,5,44721,0.2234,-0.0049,0.0002,-8.4174,5.3875,0.8626086956521739,0.07123287671232877,0.06214102954228136,1443.8771749954844,0.5
20,SPX,1437.5,SZP070421P01245000,,put,2007-04-21,2007-03-26,1245.0,0.55,0.25,0.75,10,2271,0.2234,-0.006,0.0002,-10.0122,6.4125,0.8660869565217392,0.07123287671232877,0.05948649480350594,1443.6041778613298,0.5
21,SPX,1437.5,SZP070421P01250000,,put,2007-04-21,2007-03-26,1250.0,0.9,0.5,0.6,2208,94143,0.2234,-0.0072,0.0002,-11.8454,7.592,0.8695652173913043,0.07123287671232877,0.06133144210737812,1443.7939100942856,0.55
22,SPX,1437.5,SZP070421P01255000,,put,2007-04-21,2007-03-26,1255.0,0.9,0.35,0.85,10,2160,0.2234,-0.0087,0.0003,-13.9399,8.9409,0.8730434782608696,0.07123287671232877,0.05963252178355985,1443.6191941972936,0.6
23,SPX,1437.5,SZP070421C01275000,,call,2007-04-21,2007-03-26,1275.0,164.0,162.4,164.4,30,262,0.1127,0.9987,0.0,-41.1729,0.029,0.8869565217391304,0.07123287671232877,-0.4187674876455259,1395.2526093771924,163.4
24,SPX,1437.5,SZP070421P01275000,,put,2007-04-21,2007-03-26,1275.0,1.0,0.55,0.8,11894,76579,0.2234,-0.0175,0.0005,-25.3829,16.3332,0.8869565217391304,0.07123287671232877,0.05576895361648135,1443.2219459863104,0.675
25,SPX,1437.5,SZP070421P01280000,,put,2007-04-21,2007-03-26,1280.0,1.0,0.75,1.1,387,3306,0.2234,-0.0205,0.0006,-29.1133,18.7505,0.8904347826086957,0.07123287671232877,0.05645053217529045,1443.2920172694521,0.925
26,SPX,1437.5,SZP070421P01285000,,put,2007-04-21,2007-03-26,1285.0,0.85,0.65,1.15,60,29783,0.2234,-0.024,0.0007,-33.2264,21.4196,0.8939130434782608,0.07123287671232877,0.05580197632903065,1443.2253408853448,0.8999999999999999
27,SPX,1437.5,SZP070421P01290000,,put,2007-04-21,2007-03-26,1290.0,1.4,0.7,1.2,71,37828,0.2234,-0.028,0.0008,-37.7344,24.3496,0.8973913043478261,0.07123287671232877,0.05479757139564083,1443.1220866367755,0.95
28,SPX,1437.5,SZP070421P01295000,,put,2007-04-21,2007-03-26,1295.0,1.3,0.85,1.3,501,3126,0.2219,-0.0317,0.0008,-41.4212,26.9386,0.9008695652173913,0.07123287671232877,0.05325375889656647,1442.9633949303109,1.075
29,SPX,1437.5,SXY070421P01300000,,put,2007-04-21,2007-03-26,1300.0,1.0,0.95,1.35,15223,83132,0.2181,-0.0343,0.0009,-43.4219,28.7678,0.9043478260869565,0.07123287671232877,0.05288575981649301,1442.9255701130633,1.15
30,SPX,1437.5,SXY070421P01310000,,put,2007-04-21,2007-03-26,1310.0,1.45,1.05,1.55,196,34952,0.2093,-0.0395,0.0011,-46.6572,32.3015,0.9113043478260869,0.07123287671232877,0.051695753431950764,1442.8032619910941,1.3
31,SPX,1437.5,SXY070421P01315000,,put,2007-04-21,2007-03-26,1315.0,1.25,1.25,1.65,1141,13590,0.207,-0.0441,0.0012,-50.326,35.2789,0.9147826086956522,0.07123287671232877,0.050537561492387154,1442.6842336934362,1.45
32,SPX,1437.5,SXY070421P01320000,,put,2007-04-21,2007-03-26,1320.0,1.8,1.25,1.75,4362,29623,0.2012,-0.0463,0.0013,-50.8558,36.7418,0.9182608695652174,0.07123287671232877,0.0505096602457468,1442.6813663814792,1.5
33,SPX,1437.5,SXY070421P01325000,,put,2007-04-21,2007-03-26,1325.0,1.55,1.4,1.85,936,50167,0.1976,-0.0507,0.0014,-53.5441,39.4566,0.9217391304347826,0.07123287671232877,0.04923744997177514,1442.5506319068202,1.625
34,SPX,1437.5,SXY070421P01330000,,put,2007-04-21,2007-03-26,1330.0,1.8,1.55,1.95,377,22475,0.1935,-0.055,0.0015,-55.8575,42.1128,0.9252173913043479,0.07123287671232877,0.04881495799007461,1442.5072185382999,1.75
35,SPX,1437.5,SXY070421P01335000,,put,2007-04-21,2007-03-26,1335.0,2.0,1.7,2.1,2474,13168,0.1897,-0.0601,0.0017,-58.5825,45.1422,0.928695652173913,0.07123287671232877,0.048008029474190694,1442.4243058378454,1.9
36,SPX,1437.5,SXY070421P01340000,,put,2007-04-21,2007-03-26,1340.0,2.0,1.75,2.4,849,18908,0.1859,-0.0657,0.0018,-61.4252,48.4048,0.9321739130434783,0.07123287671232877,0.047503232279458574,1442.37243985166,2.075
37,SPX,1437.5,SXY070421P01345000,,put,2007-04-21,2007-03-26,1345.0,2.0,1.9,2.4,2330,16020,0.1801,-0.0698,0.002,-62.213,50.7332,0.9356521739130435,0.07123287671232877,0.04692950020628341,1442.3134933340468,2.15
38,SPX,1437.5,SXY070421C01350000,,call,2007-04-21,2007-03-26,1350.0,91.0,89.4,91.4,30,516,0.1127,0.9852,0.0008,-55.0829,13.0839,0.9391304347826087,0.07123287671232877,0.030614485168467275,1440.638260054851,90.4
39,SPX,1437.5,SXY070421P01350000,,put,2007-04-21,2007-03-26,1350.0,2.2,2.1,2.9,4060,101447,0.1789,-0.0796,0.0022,-68.1228,56.0518,0.9391304347826087,0.07123287671232877,0.04599765898569144,1442.217759014632,2.5
40,SPX,1437.5,SXY070421P01355000,,put,2007-04-21,2007-03-26,1355.0,2.9,2.35,3.2,227,4500,0.1758,-0.0882,0.0024,-72.109,60.5389,0.9426086956521739,0.07123287671232877,0.04531044692999599,1442.1471611667,2.7750000000000004
41,SPX,1437.5,SXY070421C01360000,,call,2007-04-21,2007-03-26,1360.0,76.7,79.9,81.9,5,235,0.1127,0.9739,0.0014,-62.2619,21.9808,0.9460869565217391,0.07123287671232877,0.03544334770768985,1441.1338870647076,80.9
42,SPX,1437.5,SXY070421P01360000,,put,2007-04-21,2007-03-26,1360.0,2.95,2.6,3.4,1278,62304,0.1715,-0.0962,0.0026,-74.8203,64.5877,0.9460869565217391,0.07123287671232877,0.0448755674753905,1442.1024874355153,3.0
43,SPX,1437.5,SXY070421P01365000,,put,2007-04-21,2007-03-26,1365.0,3.3,2.9,3.7,711,33668,0.1679,-0.1061,0.0029,-78.4127,69.3658,0.9495652173913044,0.07123287671232877,0.04420944131235374,1442.034061176442,3.3
44,SPX,1437.5,SXY070421C01370000,,call,2007-04-21,2007-03-26,1370.0,69.3,70.6,72.6,1,146,0.1127,0.9557,0.0021,-72.1146,34.6066,0.9530434782608695,0.07123287671232877,0.03751592063447455,1441.3466650506386,71.6
45,SPX,1437.5,SXY070421P01370000,,put,2007-04-21,2007-03-26,1370.0,3.3,3.2,4.0,1582,27322,0.1638,-0.1165,0.0032,-81.4667,74.1428,0.9530434782608695,0.07123287671232877,0.04337742422967817,1441.9485987191815,3.6
46,SPX,1437.5,SXY070421C01375000,,call,2007-04-21,2007-03-26,1375.0,62.9,66.0,68.0,21,19279,0.1127,0.9432,0.0026,-78.0689,42.397,0.9565217391304348,0.07123287671232877,0.037727761311948854,1441.3684151659866,67.0
47,SPX,1437.5,SXY070421P01375000,,put,2007-04-21,2007-03-26,1375.0,3.6,3.6,4.3,7587,75380,0.1598,-0.1282,0.0035,-84.6577,79.2955,0.9565217391304348,0.07123287671232877,0.04272952971509458,1441.8820523225431,3.95
48,SPX,1437.5,SXY070421C01380000,,call,2007-04-21,2007-03-26,1380.0,57.2,61.4,63.4,10,3311,0.1157,0.923,0.0033,-87.8686,53.9832,0.96,0.07123287671232877,0.03820780873780286,1441.41770383098,62.4
49,SPX,1437.5,SXY070421P01380000,,put,2007-04-21,2007-03-26,1380.0,4.0,4.0,4.3,1638,46911,0.1537,-0.1381,0.0038,-85.2955,83.4782,0.96,0.07123287671232877,0.04218561074300277,1441.8261878099931,4.15
50,SPX,1437.5,SXY070421P01385000,,put,2007-04-21,2007-03-26,1385.0,4.3,4.5,5.3,1589,15641,0.1532,-0.158,0.0042,-92.6422,91.3457,0.9634782608695652,0.07123287671232877,0.041524231973900434,1441.7582622211178,4.9
51,SPX,1437.5,SXY070421P01390000,,put,2007-04-21,2007-03-26,1390.0,5.0,4.9,5.3,5981,58820,0.1461,-0.1696,0.0046,-91.8902,95.6307,0.9669565217391304,0.07123287671232877,0.04079279452006667,1441.683145121035,5.1
52,SPX,1437.5,SXY070421C01395000,,call,2007-04-21,2007-03-26,1395.0,50.0,48.1,50.1,1,13575,0.117,0.856,0.0051,-112.1667,85.3538,0.9704347826086956,0.07123287671232877,0.03762785864044947,1441.358157913614,49.1
53,SPX,1437.5,SXY070421P01395000,,put,2007-04-21,2007-03-26,1395.0,5.6,5.5,6.7,3842,24192,0.1464,-0.1946,0.005,-99.8683,104.2392,0.9704347826086956,0.07123287671232877,0.04029685946988635,1441.632215852747,6.1
54,SPX,1437.5,SXZ070421C01400000,,call,2007-04-21,2007-03-26,1400.0,46.5,44.5,45.8,6069,167834,0.1194,0.8235,0.0057,-122.8024,97.651,0.9739130434782609,0.07123287671232877,0.037297898620769175,1441.324280627577,45.15
55,SPX,1437.5,SXZ070421P01400000,,put,2007-04-21,2007-03-26,1400.0,6.0,6.2,7.2,9202,183763,0.1421,-0.2147,0.0054,-102.0094,110.4973,0.9739130434782609,0.07123287671232877,0.03954931593435042,1441.5554514474732,6.7
56,SPX,1437.5,SXZ070421C01405000,,call,2007-04-21,2007-03-26,1405.0,39.5,39.7,41.7,13,10981,0.1149,0.8014,0.0064,-124.9368,105.1002,0.9773913043478261,0.07123287671232877,0.03684562750183167,1441.277846846854,40.7
57,SPX,1437.5,SXZ070421P01405000,,put,2007-04-21,2007-03-26,1405.0,11.9,7.0,7.9,65,9984,0.1383,-0.2379,0.0059,-104.3502,117.0885,0.9773913043478261,0.07123287671232877,0.038904093425695715,1441.4891975600524,7.45
58,SPX,1437.5,SXZ070421C01410000,,call,2007-04-21,2007-03-26,1410.0,33.0,35.6,37.6,12,11213,0.1129,0.771,0.0071,-129.5839,114.2768,0.9808695652173913,0.07123287671232877,0.03639944481768683,1441.2320396195241,36.6
59,SPX,1437.5,SXZ070421P01410000,,put,2007-04-21,2007-03-26,1410.0,7.8,7.9,8.5,2284,21934,0.1337,-0.2625,0.0064,-105.2452,123.3684,0.9808695652173913,0.07123287671232877,0.03832821324236686,1441.4300665765904,8.2
60,SPX,1437.5,SXZ070421C01415000,,call,2007-04-21,2007-03-26,1415.0,31.0,31.6,33.6,85,13952,0.1105,0.7378,0.0078,-133.0903,122.9847,0.9843478260869565,0.07123287671232877,0.035980935432231936,1441.1890747873088,32.6
61,SPX,1437.5,SXZ070421P01415000,,put,2007-04-21,2007-03-26,1415.0,9.1,8.9,9.4,13683,8245,0.1298,-0.2911,0.007,-106.285,129.7713,0.9843478260869565,0.07123287671232877,0.03767397069625566,1441.3628923424394,9.15
62,SPX,1437.5,SXZ070421C01420000,,call,2007-04-21,2007-03-26,1420.0,30.0,27.8,29.8,53,19078,0.1085,0.7001,0.0084,-136.1351,131.3004,0.9878260869565217,0.07123287671232877,0.03546201227874452,1441.1358030982872,28.8
63,SPX,1437.5,SXZ070421P01420000,,put,2007-04-21,2007-03-26,1420.0,9.9,9.8,11.5,4465,23054,0.129,-0.3265,0.0074,-109.8921,136.4494,0.9878260869565217,0.07123287671232877,0.03703497307202772,1441.297286399783,10.65
64,SPX,1437.5,SXZ070421C01425000,,call,2007-04-21,2007-03-26,1425.0,27.1,24.2,26.2,5256,70202,0.1066,0.6586,0.0091,-138.1075,138.6624,0.991304347826087,0.07123287671232877,0.03492705808607213,1441.0808877538047,25.2
65,SPX,1437.5,SXZ070421P01425000,,put,2007-04-21,2007-03-26,1425.0,11.7,11.2,12.9,11433,56715,0.1263,-0.362,0.0078,-110.2836,141.8363,0.991304347826087,0.07123287671232877,0.0365192181342784,1441.2443359724598,12.05
66,SPX,1437.5,SXZ070421C01430000,,call,2007-04-21,2007-03-26,1430.0,22.4,20.7,22.7,1610,13097,0.1043,0.6141,0.0097,-138.2163,144.5877,0.9947826086956522,0.07123287671232877,0.03446242645096409,1441.0331930198013,21.7
67,SPX,1437.5,SXZ070421P01430000,,put,2007-04-21,2007-03-26,1430.0,13.0,12.7,14.1,2074,12612,0.1221,-0.3993,0.0083,-107.8092,146.1045,0.9947826086956522,0.07123287671232877,0.03584111343805399,1441.1747207267613,13.399999999999999
68,SPX,1437.5,SXZ070421C01435000,,call,2007-04-21,2007-03-26,1435.0,19.9,17.7,19.4,7851,19126,0.1025,0.5658,0.0101,-137.1921,148.7872,0.9982608695652174,0.07123287671232877,0.03394398855247334,1440.979976901818,18.549999999999997
69,SPX,1437.5,SXZ070421P01435000,,put,2007-04-21,2007-03-26,1435.0,14.2,14.5,16.2,1655,15189,0.1207,-0.4411,0.0086,-106.8932,149.2744,0.9982608695652174,0.07123287671232877,0.035292817541261526,1441.1184343058553,15.35
70,SPX,1437.5,SXZ070421C01440000,,call,2007-04-21,2007-03-26,1440.0,17.0,15.3,16.4,7296,16555,0.1018,0.5148,0.0103,-135.4945,150.775,1.0017391304347827,0.07123287671232877,0.03336522686778038,1440.9205710470012,15.85
71,SPX,1437.5,SXZ070421P01440000,,put,2007-04-21,2007-03-26,1440.0,16.0,16.4,18.1,240,9050,0.1176,-0.4844,0.0089,-102.5672,150.7826,1.0017391304347827,0.07123287671232877,0.03471287802488107,1441.0589018376563,17.25
72,SPX,1437.5,SXZ070421C01445000,,call,2007-04-21,2007-03-26,1445.0,13.0,12.5,13.6,4739,18058,0.0992,0.4621,0.0106,-129.7928,150.2291,1.0052173913043478,0.07123287671232877,0.03276990292708957,1440.8594677471865,13.05
73,SPX,1437.5,SXZ070421P01445000,,put,2007-04-21,2007-03-26,1445.0,18.0,18.7,20.4,444,10329,0.1157,-0.5297,0.0091,-97.8395,150.4509,1.0052173913043478,0.07123287671232877,0.03405761111042393,1440.9916397534105,19.549999999999997
74,SPX,1437.5,SXZ070421C01450000,,call,2007-04-21,2007-03-26,1450.0,11.2,10.1,11.1,17695,126038,0.0976,0.4086,0.0105,-123.2036,146.954,1.008695652173913,0.07123287671232877,0.03225525346823023,1440.8066468628515,10.6
75,SPX,1437.5,SXZ070421P01450000,,put,2007-04-21,2007-03-26,1450.0,21.8,21.4,23.0,202,25603,0.1145,-0.5753,0.009,-92.2056,148.1378,1.008695652173913,0.07123287671232877,0.03352901140873106,1440.9373821406043,22.2
76,SPX,1437.5,SXZ070421C01455000,,call,2007-04-21,2007-03-26,1455.0,8.8,7.5,8.7,1175,9816,0.0923,0.3493,0.0106,-110.1747,140.0522,1.0121739130434784,0.07123287671232877,0.03170264047636258,1440.7499317592205,8.1
77,SPX,1437.5,SXZ070421C01460000,,call,2007-04-21,2007-03-26,1460.0,6.6,6.0,6.8,1393,48708,0.0913,0.2966,0.01,-100.5958,130.8952,1.0156521739130435,0.07123287671232877,0.0311207840945664,1440.690217796442,6.4
78,SPX,1437.5,SXZ070421P01460000,,put,2007-04-21,2007-03-26,1460.0,24.5,26.9,28.9,27,1378,0.1102,-0.6681,0.0087,-73.9308,137.136,1.0156521739130435,0.07123287671232877,0.03248360372705812,1440.830083280416,27.9
79,SPX,1437.5,SXZ070421C01465000,,call,2007-04-21,2007-03-26,1465.0,5.0,4.6,5.1,1909,26740,0.0894,0.2447,0.0093,-88.5728,118.9099,1.0191304347826087,0.07123287671232877,0.030481227978939696,1440.6245851593508,4.85
80,SPX,1437.5,SXZ070421P01465000,,put,2007-04-21,2007-03-26,1465.0,36.3,30.3,32.3,6,1254,0.1095,-0.7109,0.0082,-64.5679,129.0859,1.0191304347826087,0.07123287671232877,0.03191139793343978,1440.7713564379494,31.299999999999997
81,SPX,1437.5,SXZ070421C01470000,,call,2007-04-21,2007-03-26,1470.0,3.7,3.1,3.3,3639,71073,0.0843,0.1874,0.0084,-71.0519,101.839,1.0226086956521738,0.07123287671232877,0.029976564099774495,1440.5727975669683,3.2
82,SPX,1437.5,SXZ070421P01470000,,put,2007-04-21,2007-03-26,1470.0,34.0,34.0,36.0,53,120,0.1095,-0.7498,0.0076,-55.2601,120.0033,1.0226086956521738,0.07123287671232877,0.03139408353545144,1440.7182652902934,35.0
83,SPX,1437.5,SXZ070421C01475000,,call,2007-04-21,2007-03-26,1475.0,2.7,2.5,2.9,12021,130347,0.0879,0.1594,0.0073,-66.0081,91.8737,1.0260869565217392,0.07123287671232877,0.029331181174179106,1440.5065723817077,2.7
84,SPX,1437.5,SXZ070421P01475000,,put,2007-04-21,2007-03-26,1475.0,38.5,38.0,40.0,441,1964,0.1106,-0.7831,0.007,-46.9649,110.7641,1.0260869565217392,0.07123287671232877,0.031059667070511734,1440.6839457055305,39.0
85,SPX,1437.5,SXZ070421C01480000,,call,2007-04-21,2007-03-26,1480.0,1.95,1.8,2.0,11603,46531,0.0856,0.1201,0.0062,-52.6464,75.7866,1.0295652173913044,0.07123287671232877,0.028681304493346656,1440.439889151547,1.9
86,SPX,1437.5,SXZ070421P01480000,,put,2007-04-21,2007-03-26,1480.0,42.5,42.2,44.2,8,5,0.1122,-0.812,0.0063,-39.1823,101.6199,1.0295652173913044,0.07123287671232877,0.030571079336884462,1440.6338057202468,43.2
87,SPX,1437.5,SXZ070421C01485000,,call,2007-04-21,2007-03-26,1485.0,1.3,1.25,1.45,4604,34496,0.085,0.0912,0.0051,-42.5146,62.0918,1.0330434782608695,0.07123287671232877,0.028109372371202927,1440.381206292393,1.35
88,SPX,1437.5,SXZ070421P01485000,,put,2007-04-21,2007-03-26,1485.0,47.0,46.6,48.6,8,131,0.1147,-0.8356,0.0057,-32.7074,93.2809,1.0330434782608695,0.07123287671232877,0.0301297602289953,1440.5885180488747,47.6
89,SPX,1437.5,SXZ070421C01490000,,call,2007-04-21,2007-03-26,1490.0,0.95,0.9,1.05,1641,14984,0.0853,0.0697,0.0041,-34.5667,50.6607,1.0365217391304349,0.07123287671232877,0.027550078636892995,1440.3238225018554,0.9750000000000001
90,SPX,1437.5,SXZ070421C01495000,,call,2007-04-21,2007-03-26,1495.0,0.6,0.55,0.85,397,29335,0.0857,0.0527,0.0033,-27.7273,40.7021,1.04,0.07123287671232877,0.026994452504085886,1440.2668172725862,0.7
91,SPX,1437.5,SXM070421C01500000,,call,2007-04-21,2007-03-26,1500.0,0.55,0.55,0.65,556,58061,0.0894,0.0452,0.0028,-25.4275,36.0198,1.0434782608695652,0.07123287671232877,0.02628476374128819,1440.1940090565972,0.6000000000000001
92,SPX,1437.5,SXM070421C01505000,,call,2007-04-21,2007-03-26,1505.0,0.35,0.25,0.55,95,3353,0.0877,0.0307,0.0021,-18.1105,26.2657,1.0469565217391303,0.07123287671232877,0.0256740845546364,1440.1313613530224,0.4
93,SPX,1437.5,SXM070421C01510000,,call,2007-04-21,2007-03-26,1510.0,0.2,0.2,0.45,20,11668,0.0898,0.0246,0.0017,-15.3525,21.8521,1.0504347826086957,0.07123287671232877,0.024946774748269018,1440.0567524276382,0.325
94,SPX,1437.5,SXM070421C01525000,,call,2007-04-21,2007-03-26,1525.0,0.25,0.1,0.25,5,23394,0.0963,0.0132,0.0009,-9.5334,12.8057,1.0608695652173914,0.07123287671232877,0.023768851763796863,1439.9359268813066,0.175
95,SPX,1437.5,SXM070421C01530000,,call,2007-04-21,2007-03-26,1530.0,0.1,0.05,0.35,5,7269,0.1003,0.012,0.0008,-9.164,11.8603,1.0643478260869565,0.07123287671232877,0.02220306921724828,1439.7753323029153,0.19999999999999998
96,SPX,1437.5,SXM070421C01540000,,call,2007-04-21,2007-03-26,1540.0,0.05,0.0,0.1,12,1846,0.1019,0.0069,0.0005,-5.6856,7.2812,1.0713043478260869,0.07123287671232877,0.021583627149724095,1439.7118041356719,0.05
97,SPX,1437.5,SPT070519P01100000,,put,2007-05-19,2007-03-26,1100.0,0.6,0.15,0.65,10,8973,0.2921,-0.0063,0.0001,-9.4239,9.7366,0.7652173913043478,0.14794520547945206,0.04324987180862837,1446.7274936484516,0.4
98,SPX,1437.5,SPT070519P01175000,,put,2007-05-19,2007-03-26,1175.0,1.1,0.65,1.15,20,7503,0.2596,-0.0166,0.0003,-19.3257,22.6692,0.8173913043478261,0.14794520547945206,0.04073887500841467,1446.1901487574512,0.8999999999999999
99,SPX,1437.5,SZP070519P01200000,,put,2007-05-19,2007-03-26,1200.0,1.0,0.9,1.4,250,12676,0.2462,-0.0218,0.0004,-23.074,28.6567,0.8347826086956521,0.14794520547945206,0.04071681358603667,1446.1854285716406,1.15
100,SPX,1437.5,SZP070519P01225000,,put,2007-05-19,2007-03-26,1225.0,1.8,1.2,1.7,11,2381,0.2318,-0.0285,0.0005,-26.9821,35.769,0.8521739130434782,0.14794520547945206,0.038916355693609746,1445.8002607426963,1.45
101,SPX,1437.5,SZP070519P01250000,,put,2007-05-19,2007-03-26,1250.0,1.8,1.7,2.2,1280,21352,0.2195,-0.0388,0.0007,-32.7703,46.1492,0.8695652173913043,0.14794520547945206,0.0383299718080673,1445.6748391293274,1.9500000000000002
102,SPX,1437.5,SZP070519P01275000,,put,2007-05-19,2007-03-26,1275.0,3.3,2.15,2.95,21,8470,0.2055,-0.0518,0.0009,-38.4419,58.2582,0.8869565217391304,0.14794520547945206,0.03765229619300053,1445.5299046863468,2.55
103,SPX,1437.5,SZP070519P01285000,,put,2007-05-19,2007-03-26,1285.0,4.1,2.5,3.3,20,0,0.2008,-0.0591,0.0011,-41.5542,64.6708,0.8939130434782608,0.14794520547945206,0.037449873902282355,1445.486615461594,2.9
104,SPX,1437.5,SXY070519C01300000,,call,2007-05-19,2007-03-26,1300.0,142.0,142.7,144.7,20,25,0.135,0.9775,0.0006,-49.3729,25.917,0.9043478260869565,0.14794520547945206,0.014898429420789354,1440.6719618103741,143.7
105,SPX,1437.5,SXY070519P01300000,,put,2007-05-19,2007-03-26,1300.0,3.5,3.0,3.8,1033,21062,0.192,-0.0705,0.0013,-45.2683,74.1266,0.9043478260869565,0.14794520547945206,0.03680449912394951,1445.348606837586,3.4
106,SPX,1437.5,SXY070519P01305000,,put,2007-05-19,2007-03-26,1305.0,4.0,3.3,4.1,9,73,0.1905,-0.0763,0.0014,-47.616,78.7472,0.9078260869565218,0.14794520547945206,0.03666010919319794,1445.3177319224174,3.6999999999999997
107,SPX,1437.5,SXY070519P01310000,,put,2007-05-19,2007-03-26,1310.0,4.9,3.5,4.3,25,423,0.1874,-0.0808,0.0015,-48.8184,82.2674,0.9113043478260869,0.14794520547945206,0.0366093524349871,1445.30687875576,3.9
108,SPX,1437.5,SXY070519C01315000,,call,2007-05-19,2007-03-26,1315.0,127.5,128.5,130.5,29,89,0.135,0.9643,0.001,-56.0504,40.0151,0.9147826086956522,0.14794520547945206,0.02164018860813479,1442.1096206470884,129.5
109,SPX,1437.5,SXY070519P01315000,,put,2007-05-19,2007-03-26,1315.0,4.7,3.7,4.5,17,617,0.1842,-0.0856,0.0015,-49.962,85.8757,0.9147826086956522,0.14794520547945206,0.036294054304194495,1445.2394613197011,4.1
110,SPX,1437.5,SXY070519P01320000,,put,2007-05-19,2007-03-26,1320.0,5.3,4.0,4.8,30,1315,0.1819,-0.0917,0.0016,-51.8104,90.4104,0.9182608695652174,0.14794520547945206,0.036214299069289864,1445.2224084551372,4.4
111,SPX,1437.5,SXY070519P01325000,,put,2007-05-19,2007-03-26,1325.0,4.4,4.3,5.1,574,21961,0.1794,-0.098,0.0018,-53.5287,94.9718,0.9217391304347826,0.14794520547945206,0.03616406356950867,1445.2116674556564,4.699999999999999
112,SPX,1437.5,SXY070519P01330000,,put,2007-05-19,2007-03-26,1330.0,5.0,4.5,5.5,3,458,0.1766,-0.1045,0.0019,-55.0278,99.476,0.9252173913043479,0.14794520547945206,0.03585255929735437,1445.1450655962144,5.0
113,SPX,1437.5,SXY070519P01335000,,put,2007-05-19,2007-03-26,1335.0,5.3,4.8,5.8,5,67,0.1737,-0.1113,0.002,-56.4542,104.0913,0.928695652173913,0.14794520547945206,0.035688622391343086,1445.1100159363734,5.3
114,SPX,1437.5,SXY070519P01340000,,put,2007-05-19,2007-03-26,1340.0,7.4,5.2,6.2,21,239,0.1715,-0.1195,0.0021,-58.4382,109.4896,0.9321739130434783,0.14794520547945206,0.03556536349066937,1445.08366378135,5.7
115,SPX,1437.5,SXY070519P01350000,,put,2007-05-19,2007-03-26,1350.0,6.1,6.0,7.0,3856,41310,0.1662,-0.1365,0.0024,-61.665,120.1128,0.9391304347826087,0.14794520547945206,0.0353565655285415,1445.0390248864283,6.5
116,SPX,1437.5,SXY070519P01355000,,put,2007-05-19,2007-03-26,1355.0,7.4,6.5,7.5,137,4856,0.1639,-0.1465,0.0025,-63.5271,125.9857,0.9426086956521739,0.14794520547945206,0.035157458725590604,1444.9964591478226,7.0
117,SPX,1437.5,SXY070519P01365000,,put,2007-05-19,2007-03-26,1365.0,8.3,7.5,8.5,43,14205,0.1585,-0.1675,0.0029,-66.476,137.6027,0.9495652173913044,0.14794520547945206,0.034920392588378465,1444.9457799670834,8.0
118,SPX,1437.5,SXY070519P01375000,,put,2007-05-19,2007-03-26,1375.0,11.0,8.7,9.7,1026,33897,0.1533,-0.1921,0.0032,-69.3085,149.9539,0.9565217391304348,0.14794520547945206,0.034607399360567316,1444.8788720774169,9.2
119,SPX,1437.5,SXY070519P01380000,,put,2007-05-19,2007-03-26,1380.0,10.5,9.4,10.4,236,417,0.1509,-0.2061,0.0034,-70.7319,156.4147,0.96,0.14794520547945206,0.03440040850630941,1444.834625789289,9.9
120,SPX,1437.5,SXY070519P01385000,,put,2007-05-19,2007-03-26,1385.0,13.0,9.8,11.4,3,1756,0.1481,-0.2205,0.0036,-71.7068,162.6777,0.9634782608695652,0.14794520547945206,0.034227214153582416,1444.7976048699409,10.600000000000001
121,SPX,1437.5,SXY070519P01390000,,put,2007-05-19,2007-03-26,1390.0,14.0,10.6,12.2,370,404,0.1455,-0.2362,0.0038,-72.6837,169.0878,0.9669565217391304,0.14794520547945206,0.03411571885740093,1444.7737728489876,11.399999999999999
122,SPX,1437.5,SXY070519P01395000,,put,2007-05-19,2007-03-26,1395.0,12.3,11.5,13.1,7528,7846,0.1432,-0.2534,0.0041,-73.7065,175.6135,0.9704347826086956,0.14794520547945206,0.03403735376877392,1444.7570226158489,12.3
123,SPX,1437.5,SXZ070519C01400000,,call,2007-05-19,2007-03-26,1400.0,55.5,53.3,55.3,1,27363,0.1246,0.7485,0.0046,-105.7008,173.7483,0.9739130434782609,0.14794520547945206,0.030537229382882797,1444.0090826363057,54.3
124,SPX,1437.5,SXZ070519P01400000,,put,2007-05-19,2007-03-26,1400.0,12.4,12.4,14.0,12349,37456,0.1404,-0.2712,0.0043,-74.127,181.7942,0.9739130434782609,0.14794520547945206,0.0338403940705435,1444.714924103216,13.2
125,SPX,1437.5,SXZ070519P01410000,,put,2007-05-19,2007-03-26,1410.0,15.3,14.6,16.2,2107,236,0.1358,-0.3117,0.0047,-74.9347,193.9646,0.9808695652173913,0.14794520547945206,0.033584736082069105,1444.660281144239,15.399999999999999
126,SPX,1437.5,SXZ070519C01420000,,call,2007-05-19,2007-03-26,1420.0,40.6,38.1,40.1,1,415,0.1166,0.6542,0.0057,-108.4975,201.5449,0.9878260869565217,0.14794520547945206,0.030662945947581646,1444.0359402463662,39.1
127,SPX,1437.5,SXZ070519P01420000,,put,2007-05-19,2007-03-26,1420.0,18.5,17.1,18.7,1969,8812,0.1307,-0.3568,0.0052,-74.0567,204.5241,0.9878260869565217,0.14794520547945206,0.03338291335938516,1444.6171461042484,17.9
128,SPX,1437.5,SXZ070519C01425000,,call,2007-05-19,2007-03-26,1425.0,37.0,34.6,36.6,937,11877,0.1151,0.6262,0.006,-108.5623,207.1502,0.991304347826087,0.14794520547945206,0.030641043974505917,1444.031261155976,35.6
129,SPX,1437.5,SXZ070519P01425000,,put,2007-05-19,2007-03-26,1425.0,18.4,18.5,20.1,831,14081,0.1281,-0.3814,0.0054,-72.9908,209.0036,0.991304347826087,0.14794520547945206,0.033275967781700014,1444.594289429118,19.3
130,SPX,1437.5,SXZ070519C01430000,,call,2007-05-19,2007-03-26,1430.0,30.3,31.2,33.2,127,71,0.1131,0.5972,0.0062,-107.7695,211.7516,0.9947826086956522,0.14794520547945206,0.03061220883175601,1444.025100901259,32.2
131,SPX,1437.5,SXZ070519P01430000,,put,2007-05-19,2007-03-26,1430.0,20.1,19.9,21.9,574,429,0.126,-0.4078,0.0056,-71.8362,212.8252,0.9947826086956522,0.14794520547945206,0.03309869097151014,1444.5564021844443,20.9
132,SPX,1437.5,SXZ070519C01435000,,call,2007-05-19,2007-03-26,1435.0,28.0,28.0,30.0,13,170,0.111,0.5668,0.0064,-106.3638,215.2952,0.9982608695652174,0.14794520547945206,0.030623409235016358,1444.0274937192037,29.0
133,SPX,1437.5,SXZ070519P01435000,,put,2007-05-19,2007-03-26,1435.0,26.0,21.6,23.6,25,243,0.1237,-0.4352,0.0058,-70.0477,215.7654,0.9982608695652174,0.14794520547945206,0.03305325169359486,1444.546691153002,22.6
134,SPX,1437.5,SXZ070519C01440000,,call,2007-05-19,2007-03-26,1440.0,27.2,24.8,26.8,2000,11408,0.1083,0.535,0.0067,-103.9376,217.6087,1.0017391304347827,0.14794520547945206,0.030614572592780404,1444.0256058871928,25.8
135,SPX,1437.5,SXZ070519P01440000,,put,2007-05-19,2007-03-26,1440.0,25.0,23.5,24.5,142,4572,0.1194,-0.4637,0.006,-66.2746,217.6967,1.0017391304347827,0.14794520547945206,0.032901508470959406,1444.5142619028009,24.0
136,SPX,1437.5,SXZ070519C01450000,,call,2007-05-19,2007-03-26,1450.0,19.5,19.5,21.1,932,17896,0.1053,0.4673,0.0069,-98.964,217.8588,1.008695652173913,0.14794520547945206,0.03051323376185348,1444.0039563596124,20.3
137,SPX,1437.5,SXZ070519P01450000,,put,2007-05-19,2007-03-26,1450.0,29.9,27.6,29.6,12,17117,0.1172,-0.5248,0.0062,-61.7156,218.0526,1.008695652173913,0.14794520547945206,0.03270026212015426,1444.471254394852,28.6
138,SPX,1437.5,SXZ070519C01460000,,call,2007-05-19,2007-03-26,1460.0,14.5,14.3,15.9,6,179,0.1007,0.3953,0.0069,-90.1713,211.134,1.0156521739130435,0.14794520547945206,0.030389754506025622,1443.9775772996493,15.100000000000001
139,SPX,1437.5,SXZ070519P01460000,,put,2007-05-19,2007-03-26,1460.0,32.0,32.5,34.5,68,716,0.1134,-0.5885,0.0062,-53.6793,212.9019,1.0156521739130435,0.14794520547945206,0.03259929550981649,1444.4496777292104,33.5
140,SPX,1437.5,SXZ070519C01470000,,call,2007-05-19,2007-03-26,1470.0,9.5,10.4,11.6,22,19084,0.097,0.3225,0.0067,-79.5989,196.7741,1.0226086956521738,0.14794520547945206,0.030224587869489596,1443.942293254957,11.0
141,SPX,1437.5,SXZ070519P01470000,,put,2007-05-19,2007-03-26,1470.0,35.8,38.2,40.2,14,366,0.1103,-0.6526,0.0061,-44.0037,201.8925,1.0226086956521738,0.14794520547945206,0.03252126396625598,1444.4330025310815,39.2
142,SPX,1437.5,SXZ070519C01475000,,call,2007-05-19,2007-03-26,1475.0,9.1,8.8,9.5,110,21807,0.095,0.2862,0.0065,-73.3756,186.618,1.0260869565217392,0.14794520547945206,0.03012639113572398,1443.9213161949624,9.15
143,SPX,1437.5,SXZ070519P01475000,,put,2007-05-19,2007-03-26,1475.0,45.2,41.3,43.3,9,180,0.1088,-0.6843,0.0059,-38.4854,194.2182,1.0260869565217392,0.14794520547945206,0.03244277698661258,1444.4162302012876,42.3
144,SPX,1437.5,SXZ070519C01485000,,call,2007-05-19,2007-03-26,1485.0,5.6,5.5,6.2,2136,3831,0.0898,0.2131,0.0059,-58.5373,159.5329,1.0330434782608695,0.14794520547945206,0.029934184148219526,1443.8802572845386,5.85
145,SPX,1437.5,SXZ070519C01490000,,call,2007-05-19,2007-03-26,1490.0,4.6,4.3,4.8,30,5321,0.0876,0.1797,0.0054,-51.1607,143.8534,1.0365217391304349,0.14794520547945206,0.02988933468998948,1443.870676792067,4.55
146,SPX,1437.5,SXM070519C01500000,,call,2007-05-19,2007-03-26,1500.0,3.0,2.45,3.3,168,33873,0.0851,0.1251,0.0044,-38.5444,113.0747,1.0434782608695652,0.14794520547945206,0.02964555271546326,1443.8186025508476,2.875
147,SPX,1437.5,SXM070519C01505000,,call,2007-05-19,2007-03-26,1505.0,1.8,1.75,2.55,414,203,0.0832,0.1,0.0038,-31.9404,96.3839,1.0469565217391303,0.14794520547945206,0.029493698344327877,1443.7861659043629,2.15
148,SPX,1437.5,SXM070519C01510000,,call,2007-05-19,2007-03-26,1510.0,1.55,1.35,1.85,58,338,0.0819,0.0796,0.0033,-26.3682,81.2979,1.0504347826086957,0.14794520547945206,0.029476315227082425,1443.7824528537215,1.6
149,SPX,1437.5,SXM070519C01515000,,call,2007-05-19,2007-03-26,1515.0,1.4,1.0,1.4,58,20,0.0812,0.0634,0.0028,-21.8361,68.2961,1.0539130434782609,0.14794520547945206,0.029302133345125488,1443.7452479626372,1.2
150,SPX,1437.5,SXM070519C01520000,,call,2007-05-19,2007-03-26,1520.0,0.85,0.65,1.05,25,56,0.0794,0.0474,0.0023,-16.8888,54.2792,1.057391304347826,0.14794520547945206,0.029186697149645436,1443.720591557379,0.8500000000000001
151,SPX,1437.5,SXM070519C01525000,,call,2007-05-19,2007-03-26,1525.0,0.55,0.35,0.7,12,8153,0.0761,0.0317,0.0017,-11.607,39.0707,1.0608695652173914,0.14794520547945206,0.029219292656951088,1443.7275536987545,0.5249999999999999
152,SPX,1437.5,SXM070519C01550000,,call,2007-05-19,2007-03-26,1550.0,0.3,0.0,0.3,245,854,0.0785,0.0096,0.0006,-4.2364,14.1477,1.0782608695652174,0.14794520547945206,0.028325797752741817,1443.5367224393567,0.15
153,SPX,1437.5,SPB070519C01600000,,call,2007-05-19,2007-03-26,1600.0,0.05,0.0,0.05,10,101,0.0785,0.0003,0.0,-0.198,0.6799,1.1130434782608696,0.14794520547945206,0.02046881414644816,1441.8597258063453,0.025
154,SPX,1437.5,SXB070616P00900000,,put,2007-06-16,2007-03-26,900.0,0.1,0.05,0.5,1500,9467,0.3687,-0.0024,0.0,-4.0698,5.0666,0.6260869565217392,0.22465753424657534,0.041420101008587534,1450.9388525908273,0.275
155,SPX,1437.5,SPQ070616P01000000,,put,2007-06-16,2007-03-26,1000.0,0.3,0.2,0.45,51,38630,0.3088,-0.0045,0.0001,-5.9331,8.8882,0.6956521739130435,0.22465753424657534,0.03871185510841088,1450.0563294930087,0.325
156,SPX,1437.5,SPQ070616P01050000,,put,2007-06-16,2007-03-26,1050.0,0.55,0.25,0.75,28,19971,0.2844,-0.0069,0.0001,-7.9796,13.0471,0.7304347826086957,0.22465753424657534,0.03887936360657873,1450.1108991065169,0.5
157,SPX,1437.5,SPT070616P01100000,,put,2007-06-16,2007-03-26,1100.0,0.9,0.55,1.05,5,27397,0.2653,-0.0119,0.0002,-11.9575,21.0933,0.7652173913043478,0.22465753424657534,0.038858672958961914,1450.1041585573698,0.8
158,SPX,1437.5,SZP070616P01200000,,put,2007-06-16,2007-03-26,1200.0,2.2,1.85,2.5,15555,71371,0.2255,-0.0344,0.0005,-24.4089,51.6431,0.8347826086956521,0.22465753424657534,0.03650755536615783,1449.3384211811988,2.175
159,SPX,1437.5,SZP070616P01225000,,put,2007-06-16,2007-03-26,1225.0,3.3,2.3,3.1,58,30027,0.2137,-0.0436,0.0006,-27.8686,62.667,0.8521739130434782,0.22465753424657534,0.036263764944545016,1449.2590440244426,2.7
160,SPX,1437.5,SZP070616P01250000,,put,2007-06-16,2007-03-26,1250.0,4.0,3.0,3.8,520,56329,0.2022,-0.0559,0.0008,-31.8634,76.3827,0.8695652173913043,0.22465753424657534,0.03580607116578011,1449.1100325580217,3.4
161,SPX,1437.5,SZP070616P01275000,,put,2007-06-16,2007-03-26,1275.0,5.0,4.2,4.8,10602,37109,0.1928,-0.0741,0.0011,-37.4438,95.1132,0.8869565217391304,0.22465753424657534,0.035601971752852526,1449.043588805813,4.5
162,SPX,1437.5,SXY070616P01300000,,put,2007-06-16,2007-03-26,1300.0,0.0,5.3,6.3,471,82548,0.1816,-0.0963,0.0014,-42.3455,115.719,0.9043478260869565,0.22465753424657534,0.03518027087044172,1448.9063154105636,5.8
163,SPX,1437.5,SXY070616P01325000,,put,2007-06-16,2007-03-26,1325.0,0.0,7.1,7.7,2087,78112,0.1697,-0.125,0.0018,-46.8692,139.4529,0.9217391304347826,0.22465753424657534,0.03471898964356291,1448.7561725898504,7.4
164,SPX,1437.5,SXY070616P01340000,,put,2007-06-16,2007-03-26,1340.0,10.0,8.5,9.5,1,3547,0.1649,-0.1498,0.0021,-50.923,157.8368,0.9321739130434783,0.22465753424657534,0.034647172701293055,1448.7327982317033,9.0
165,SPX,1437.5,SXY070616P01350000,,put,2007-06-16,2007-03-26,1350.0,0.0,9.2,10.8,2228,111424,0.1602,-0.1667,0.0023,-52.5386,169.3089,0.9391304347826087,0.22465753424657534,0.03455972870616338,1448.7043382244908,10.0
166,SPX,1437.5,SXY070616P01365000,,put,2007-06-16,2007-03-26,1365.0,13.9,11.1,12.7,1,12552,0.154,-0.1973,0.0027,-55.1456,188.0995,0.9495652173913044,0.22465753424657534,0.034382310730546456,1448.6465965049447,11.899999999999999
167,SPX,1437.5,SXY070616P01375000,,put,2007-06-16,2007-03-26,1375.0,0.0,12.5,13.5,3038,65095,0.148,-0.2182,0.0029,-55.3914,199.5762,0.9565217391304348,0.22465753424657534,0.034202790994833865,1448.5881730977592,13.0
168,SPX,1437.5,SXY070616P01385000,,put,2007-06-16,2007-03-26,1385.0,15.0,14.2,15.8,2,5616,0.1455,-0.2466,0.0032,-57.4208,213.6183,0.9634782608695652,0.22465753424657534,0.03415332406972559,1448.5720748567471,15.0
169,SPX,1437.5,SXY070616P01390000,,put,2007-06-16,2007-03-26,1390.0,18.8,15.1,16.7,650,11437,0.1433,-0.2606,0.0033,-57.68,219.8873,0.9669565217391304,0.22465753424657534,0.034109502040919865,1448.557813808838,15.899999999999999
170,SPX,1437.5,SXY070616P01395000,,put,2007-06-16,2007-03-26,1395.0,20.3,16.1,17.7,200,8952,0.1413,-0.2757,0.0035,-57.9263,226.1602,0.9704347826086956,0.22465753424657534,0.03400661873145715,1448.5243329393581,16.9
171,SPX,1437.5,SXZ070616C01400000,,call,2007-06-16,2007-03-26,1400.0,0.0,63.0,64.1,28,153148,0.1316,0.7134,0.0038,-97.4342,228.6395,0.9739130434782609,0.22465753424657534,0.030092399916264584,1447.2511202835763,63.55
172,SPX,1437.5,SXZ070616P01400000,,put,2007-06-16,2007-03-26,1400.0,0.0,17.5,18.0,3771,193328,0.1384,-0.2905,0.0036,-57.4926,231.87,0.9739130434782609,0.22465753424657534,0.033921786905937966,1448.4967270681573,17.75
173,SPX,1437.5,SXZ070616P01410000,,put,2007-06-16,2007-03-26,1410.0,23.1,19.2,21.2,611,15054,0.1349,-0.3252,0.0039,-57.4746,243.6267,0.9808695652173913,0.22465753424657534,0.03390968567646353,1448.492789143413,20.2
174,SPX,1437.5,SXZ070616C01420000,,call,2007-06-16,2007-03-26,1420.0,48.5,47.3,49.3,395,22139,0.1228,0.6395,0.0045,-96.7355,252.0675,0.9878260869565217,0.22465753424657534,0.030462955558805804,1447.3716062291446,48.3
175,SPX,1437.5,SXZ070616P01420000,,put,2007-06-16,2007-03-26,1420.0,22.3,21.8,23.5,1095,60496,0.1301,-0.3622,0.0042,-55.9086,253.613,0.9878260869565217,0.22465753424657534,0.03379442691032809,1448.4552827185566,22.65
176,SPX,1437.5,SXZ070616C01425000,,call,2007-06-16,2007-03-26,1425.0,0.0,43.8,45.8,1710,41827,0.1212,0.618,0.0046,-96.3445,256.9813,0.991304347826087,0.22465753424657534,0.030551156833907696,1447.400286298881,44.8
177,SPX,1437.5,SXZ070616P01425000,,put,2007-06-16,2007-03-26,1425.0,0.0,23.3,25.3,1605,64123,0.1289,-0.383,0.0043,-55.4733,258.131,0.991304347826087,0.22465753424657534,0.033752833780392316,1448.441748111436,24.3
178,SPX,1437.5,SXZ070616C01430000,,call,2007-06-16,2007-03-26,1430.0,39.7,40.4,42.4,10,5005,0.119,0.5959,0.0048,-95.346,261.1518,0.9947826086956522,0.22465753424657534,0.03058071977073368,1447.4098992926238,41.4
179,SPX,1437.5,SXZ070616P01430000,,put,2007-06-16,2007-03-26,1430.0,26.5,24.8,26.8,160,3763,0.1267,-0.4039,0.0045,-54.2138,261.8975,0.9947826086956522,0.22465753424657534,0.033716349963243804,1448.4298762037088,25.8
180,SPX,1437.5,SXZ070616C01435000,,call,2007-06-16,2007-03-26,1435.0,33.0,37.1,39.1,4480,1475,0.1169,0.5728,0.0049,-94.1202,264.6112,0.9982608695652174,0.22465753424657534,0.030678452658951538,1447.4416795951884,38.1
181,SPX,1437.5,SXZ070616P01435000,,put,2007-06-16,2007-03-26,1435.0,26.5,26.5,28.5,4715,2922,0.1249,-0.4259,0.0046,-52.9165,265.0317,0.9982608695652174,0.22465753424657534,0.033682084823446194,1448.418726346679,27.5
182,SPX,1437.5,SXZ070616C01440000,,call,2007-06-16,2007-03-26,1440.0,36.2,33.9,35.9,5239,8083,0.1148,0.5486,0.0051,-92.5907,267.2279,1.0017391304347827,0.22465753424657534,0.030724183754056382,1447.4565504486604,34.9
183,SPX,1437.5,SXZ070616P01440000,,put,2007-06-16,2007-03-26,1440.0,31.0,28.2,30.2,4988,14684,0.1228,-0.4486,0.0047,-51.1635,267.3874,1.0017391304347827,0.22465753424657534,0.03366785299914252,1448.4140953443614,29.2
184,SPX,1437.5,SXZ070616C01445000,,call,2007-06-16,2007-03-26,1445.0,31.0,30.9,32.9,5113,13863,0.113,0.5234,0.0052,-90.916,268.882,1.0052173913043478,0.22465753424657534,0.030770661076316215,1447.4716641170805,31.9
185,SPX,1437.5,SXZ070616P01445000,,put,2007-06-16,2007-03-26,1445.0,30.0,30.1,32.1,5030,13830,0.1209,-0.4722,0.0048,-49.2289,268.8929,1.0052173913043478,0.22465753424657534,0.03364401365400765,1448.406338110426,31.1
186,SPX,1437.5,SXZ070616C01450000,,call,2007-06-16,2007-03-26,1450.0,0.0,27.9,29.9,4167,80643,0.1109,0.4973,0.0053,-88.7313,269.4477,1.008695652173913,0.22465753424657534,0.030805996364338884,1447.4831546829869,28.9
187,SPX,1437.5,SXZ070616P01450000,,put,2007-06-16,2007-03-26,1450.0,0.0,32.1,34.1,888,40904,0.1189,-0.4966,0.0049,-46.9261,269.4467,1.008695652173913,0.22465753424657534,0.033608272606039845,1448.3947081846422,33.1
188,SPX,1437.5,SXZ070616P01460000,,put,2007-06-16,2007-03-26,1460.0,34.7,36.5,38.5,20,0,0.1153,-0.5472,0.005,-41.6032,267.3469,1.0156521739130435,0.22465753424657534,0.03363645148362585,1448.4038774170863,37.5
189,SPX,1437.5,SXZ070616C01470000,,call,2007-06-16,2007-03-26,1470.0,18.5,17.8,19.4,20,15,0.1042,0.3869,0.0054,-77.5988,258.89,1.0226086956521738,0.22465753424657534,0.030902850528374007,1447.5146508371931,18.6
190,SPX,1437.5,SXZ070616P01470000,,put,2007-06-16,2007-03-26,1470.0,39.3,41.5,43.5,20,0,0.1119,-0.5997,0.0051,-35.1294,260.5078,1.0226086956521738,0.22465753424657534,0.033626385835280485,1448.4006021107198,42.5
191,SPX,1437.5,SXZ070616C01475000,,call,2007-06-16,2007-03-26,1475.0,0.0,16.1,17.0,3321,42816,0.1026,0.3585,0.0053,-74.0391,252.7207,1.0260869565217392,0.22465753424657534,0.030904469746722306,1447.5151773991167,16.55
192,SPX,1437.5,SXZ070616P01475000,,put,2007-06-16,2007-03-26,1475.0,0.0,44.2,46.2,17,7444,0.1101,-0.6264,0.005,-31.3601,255.1506,1.0260869565217392,0.22465753424657534,0.033694777949054365,1448.4228566725346,45.2
193,SPX,1437.5,SXM070616C01500000,,call,2007-06-16,2007-03-26,1500.0,0.0,7.2,7.9,4636,67556,0.0928,0.2154,0.0046,-50.9043,198.0969,1.0434782608695652,0.22465753424657534,0.03088939281021514,1447.51027446018,7.550000000000001
194,SPX,1437.5,SXM070616P01500000,,put,2007-06-16,2007-03-26,1500.0,0.0,60.2,62.2,4,7900,0.1034,-0.7543,0.0044,-10.4585,211.0141,1.0434782608695652,0.22465753424657534,0.03398925265577996,1448.518681648954,61.2
195,SPX,1437.5,SXM070616C01525000,,call,2007-06-16,2007-03-26,1525.0,0.0,2.45,3.3,7158,33087,0.0862,0.1045,0.0031,-28.47,122.7645,1.0608695652173914,0.22465753424657534,0.030823132987929228,1447.4887273180038,2.875
196,SPX,1437.5,SXM070616C01535000,,call,2007-06-16,2007-03-26,1535.0,1.7,1.5,2.0,706,3044,0.0834,0.0714,0.0024,-20.5221,92.3601,1.0678260869565217,0.22465753424657534,0.03077857417002241,1447.4742373420281,1.75
197,SPX,1437.5,SXM070616C01550000,,call,2007-06-16,2007-03-26,1550.0,0.0,0.75,1.05,50,34520,0.0822,0.0411,0.0016,-12.8861,59.7232,1.0782608695652174,0.22465753424657534,0.030595434943601667,1447.4146842559417,0.9
198,SPX,1437.5,SXM070616P01550000,,put,2007-06-16,2007-03-26,1550.0,0.0,102.7,104.7,5,861,0.1043,-0.9086,0.0022,22.9256,107.0482,1.0782608695652174,0.22465753424657534,0.036809081956865115,1449.4366030106437,103.7
199,SPX,1437.5,SPX070922P00800000,,put,2007-09-22,2007-03-26,800.0,0.2,0.1,0.5,10,1968,0.2362,-0.0001,0.0,-0.0959,0.4173,0.5565217391304348,0.4931506849315068,0.0346148302513707,1462.2492331898989,0.3
200,SPX,1437.5,SXB070922C00900000,,call,2007-09-22,2007-03-26,900.0,539.0,543.9,545.9,1,1000,0.3456,0.97,0.0001,-23.93,42.8953,0.6260869565217392,0.4931506849315068,-0.08365544822742171,1379.4029382392187,544.9
201,SPX,1437.5,SPQ070922P01000000,,put,2007-09-22,2007-03-26,1000.0,1.1,0.9,1.4,2,2260,0.2362,-0.0091,0.0001,-5.5527,24.7588,0.6956521739130435,0.4931506849315068,0.030509153943447616,1459.2915873957136,1.15
202,SPX,1437.5,SPT070922P01150000,,put,2007-09-22,2007-03-26,1150.0,3.9,3.7,4.5,5,7397,0.2085,-0.0448,0.0004,-18.1659,94.9114,0.8,0.4931506849315068,0.029776513811595007,1458.76443768751,4.1
203,SPX,1437.5,SZP070922P01200000,,put,2007-09-22,2007-03-26,1200.0,6.5,5.7,6.7,150,30617,0.1951,-0.0677,0.0007,-23.1102,131.4092,0.8347826086956521,0.4931506849315068,0.029612398324014036,1458.6463793125513,6.2
204,SPX,1437.5,SZP070922P01250000,,put,2007-09-22,2007-03-26,1250.0,9.8,8.8,9.8,50,28840,0.1815,-0.1012,0.001,-28.3721,177.7516,0.8695652173913043,0.4931506849315068,0.02958799710876957,1458.628826831946,9.3
205,SPX,1437.5,SZP070922P01275000,,put,2007-09-22,2007-03-26,1275.0,11.6,10.5,12.1,101,14093,0.1742,-0.1228,0.0012,-30.7721,204.1195,0.8869565217391304,0.4931506849315068,0.029600621043893008,1458.6379075572595,11.3
206,SPX,1437.5,SXY070922P01300000,,put,2007-09-22,2007-03-26,1300.0,0.0,13.0,14.6,2101,28946,0.1672,-0.1494,0.0014,-33.1111,233.3111,0.9043478260869565,0.4931506849315068,0.029527761983530208,1458.5854989159948,13.8
207,SPX,1437.5,SXY070922C01325000,,call,2007-09-22,2007-03-26,1325.0,0.0,146.4,148.4,1,1768,0.168,0.796,0.0016,-69.9734,273.0828,0.9217391304347826,0.4931506849315068,0.018583262570960143,1450.7343004542302,147.4
208,SPX,1437.5,SXY070922C01350000,,call,2007-09-22,2007-03-26,1350.0,0.0,125.8,127.8,50,8789,0.1602,0.7589,0.0019,-72.3268,302.9879,0.9391304347826087,0.4931506849315068,0.020140713119791334,1451.8489762694676,126.8
209,SPX,1437.5,SXY070922P01350000,,put,2007-09-22,2007-03-26,1350.0,0.0,19.6,21.6,110,79520,0.1532,-0.2198,0.0019,-36.5286,296.5796,0.9391304347826087,0.4931506849315068,0.029525277651002026,1458.5837119306454,20.6
210,SPX,1437.5,SXY070922P01375000,,put,2007-09-22,2007-03-26,1375.0,0.0,24.0,26.0,763,34677,0.1455,-0.2648,0.0022,-36.836,327.8319,0.9565217391304348,0.4931506849315068,0.02952099483249338,1458.580631295879,25.0
211,SPX,1437.5,SXZ070922C01400000,,call,2007-09-22,2007-03-26,1400.0,0.0,87.1,89.1,50,36681,0.1451,0.6623,0.0024,-74.3395,359.8461,0.9739130434782609,0.4931506849315068,0.022395066522048084,1453.463946477053,88.1
212,SPX,1437.5,SXZ070922P01400000,,put,2007-09-22,2007-03-26,1400.0,0.0,29.5,31.5,632,81878,0.1381,-0.3187,0.0025,-36.0672,357.0349,0.9739130434782609,0.4931506849315068,0.02955398611162839,1458.6043621172387,30.5
213,SPX,1437.5,SXZ070922C01425000,,call,2007-09-22,2007-03-26,1425.0,0.0,69.5,71.5,512,20825,0.1368,0.6019,0.0027,-72.9329,381.7241,0.991304347826087,0.4931506849315068,0.023244393194761324,1454.0728515911771,70.5
214,SPX,1437.5,SXZ070922P01425000,,put,2007-09-22,2007-03-26,1425.0,0.0,36.3,38.3,1510,38970,0.1308,-0.3821,0.0029,-33.7358,380.81,0.991304347826087,0.4931506849315068,0.02960792407877318,1458.6431608462617,37.3
215,SPX,1437.5,SXZ070922C01450000,,call,2007-09-22,2007-03-26,1450.0,0.0,53.4,55.4,450,17085,0.1288,0.5319,0.003,-69.6858,394.9477,1.008695652173913,0.4931506849315068,0.02394340122914139,1454.5741805944883,54.4
216,SPX,1437.5,SXZ070922P01450000,,put,2007-09-22,2007-03-26,1450.0,0.0,44.6,46.6,180,11161,0.1234,-0.4551,0.0032,-29.3388,394.9324,1.008695652173913,0.4931506849315068,0.029761840589084945,1458.7538819461588,45.6
217,SPX,1437.5,SXM070922C01550000,,call,2007-09-22,2007-03-26,1550.0,0.0,10.1,11.7,526,24449,0.1013,0.1987,0.0027,-36.0067,279.5138,1.0782608695652174,0.4931506849315068,0.02558499948679583,1455.7522156170278,10.899999999999999
218,SPX,1437.5,SXM070922P01550000,,put,2007-09-22,2007-03-26,1550.0,0.0,98.5,100.5,5,2254,0.0932,-0.8096,0.0028,12.2773,260.8853,1.0782608695652174,0.4931506849315068,0.03213265828427984,1460.4604111797044,99.5
219,SPX,1437.5,SXM070922C01575000,,call,2007-09-22,2007-03-26,1575.0,0.0,5.5,6.5,20,280,0.0962,0.1291,0.0022,-25.4199,211.3377,1.0956521739130434,0.4931506849315068,0.025722584577426398,1455.8509920203,6.0
220,SPX,1437.5,SPX071222P00800000,,put,2007-12-22,2007-03-26,800.0,0.35,0.1,0.6,2,17129,0.2627,-0.0026,0.0,-1.6693,10.0084,0.5565217391304348,0.7424657534246575,0.0281017391879698,1467.8079136933359,0.35
221,SPX,1437.5,SPX071222P00850000,,put,2007-12-22,2007-03-26,850.0,0.5,0.35,0.85,30,7596,0.2582,-0.0052,0.0,-2.9988,18.4084,0.591304347826087,0.7424657534246575,0.026772674882583884,1466.3602176559311,0.6
222,SPX,1437.5,SXB071222P00900000,,put,2007-12-22,2007-03-26,900.0,0.85,0.7,0.85,2125,37332,0.2426,-0.0073,0.0001,-3.8044,25.035,0.6260869565217392,0.7424657534246575,0.027465452465649944,1467.1146540313,0.7749999999999999
223,SPX,1437.5,SPQ071222P01000000,,put,2007-12-22,2007-03-26,1000.0,2.1,1.8,2.6,1001,62170,0.2266,-0.0197,0.0002,-8.2298,59.0403,0.6956521739130435,0.7424657534246575,0.02727557082789358,1466.907833886842,2.2
224,SPX,1437.5,SPQ071222P01050000,,put,2007-12-22,2007-03-26,1050.0,3.5,2.9,3.7,95,8822,0.2163,-0.0296,0.0003,-10.9164,83.011,0.7304347826086957,0.7424657534246575,0.027148293890465986,1466.7692194544334,3.3
225,SPX,1437.5,SPT071222P01175000,,put,2007-12-22,2007-03-26,1175.0,9.3,8.0,9.0,1,21184,0.1897,-0.0752,0.0006,-19.2966,174.6294,0.8173913043478261,0.7424657534246575,0.027038706548002032,1466.6498808537344,8.5
226,SPX,1437.5,SZP071222P01200000,,put,2007-12-22,2007-03-26,1200.0,10.6,9.4,11.0,10,66410,0.1844,-0.0898,0.0007,-21.1611,199.4137,0.8347826086956521,0.7424657534246575,0.02696767480008409,1466.5725337729252,10.2
227,SPX,1437.5,SZP071222P01225000,,put,2007-12-22,2007-03-26,1225.0,13.7,11.3,12.9,55,25869,0.1786,-0.1063,0.0008,-22.8563,225.5391,0.8521739130434782,0.7424657534246575,0.02695577780577959,1466.5595794323935,12.100000000000001
228,SPX,1437.5,SZP071222P01250000,,put,2007-12-22,2007-03-26,1250.0,15.0,13.6,15.2,200,54365,0.1731,-0.1259,0.001,-24.5676,254.2383,0.8695652173913043,0.7424657534246575,0.026995810864774157,1466.603170887708,14.399999999999999
229,SPX,1437.5,SZP071222C01275000,,call,2007-12-22,2007-03-26,1275.0,205.3,204.0,206.0,1,16847,0.1902,0.8046,0.0011,-57.4433,315.126,0.8869565217391304,0.7424657534246575,0.009771234742805498,1447.966706361004,205.0
230,SPX,1437.5,SZP071222P01275000,,put,2007-12-22,2007-03-26,1275.0,18.0,16.3,17.9,29,20152,0.1675,-0.1486,0.0011,-26.1057,284.6009,0.8869565217391304,0.7424657534246575,0.027047459497094403,1466.6594122975346,17.1
231,SPX,1437.5,SXY071222C01300000,,call,2007-12-22,2007-03-26,1300.0,0.0,183.1,185.1,1,19226,0.1827,0.7801,0.0012,-59.3862,341.6817,0.9043478260869565,0.7424657534246575,0.01169593126733071,1450.0373607133763,184.1
232,SPX,1437.5,SXY071222P01300000,,put,2007-12-22,2007-03-26,1300.0,0.0,19.3,21.3,133,44250,0.1619,-0.175,0.0013,-27.4164,316.3863,0.9043478260869565,0.7424657534246575,0.02708087736578013,1466.695802949471,20.3
233,SPX,1437.5,SXY071222P01325000,,put,2007-12-22,2007-03-26,1325.0,0.0,22.9,24.9,1,20765,0.1559,-0.2051,0.0015,-28.2746,348.4759,0.9217391304347826,0.7424657534246575,0.027090088499559174,1466.7058336450582,23.9
234,SPX,1437.5,SXY071222P01350000,,put,2007-12-22,2007-03-26,1350.0,0.0,27.2,29.2,37,26230,0.15,-0.2399,0.0017,-28.7115,380.7232,0.9391304347826087,0.7424657534246575,0.027176094432363847,1466.7994952774325,28.2
235,SPX,1437.5,SXY071222P01375000,,put,2007-12-22,2007-03-26,1375.0,0.0,32.2,34.2,15,32203,0.1439,-0.2798,0.0019,-28.4937,411.6066,0.9565217391304348,0.7424657534246575,0.02721108015994362,1466.8375969226663,33.2
236,SPX,1437.5,SXZ071222C01400000,,call,2007-12-22,2007-03-26,1400.0,0.0,105.7,107.7,401,45268,0.1533,0.6421,0.0019,-62.6841,445.4566,0.9739130434782609,0.7424657534246575,0.01742116181780634,1456.214280652799,106.7
237,SPX,1437.5,SXZ071222P01400000,,put,2007-12-22,2007-03-26,1400.0,0.0,38.1,39.2,869,95047,0.1369,-0.3246,0.0021,-27.259,439.3102,0.9739130434782609,0.7424657534246575,0.02729689828150154,1466.931062415349,38.650000000000006
238,SPX,1437.5,SXZ071222P01425000,,put,2007-12-22,2007-03-26,1425.0,0.0,44.9,46.9,54,34051,0.1315,-0.3769,0.0023,-25.5395,462.7971,0.991304347826087,0.7424657534246575,0.027454792176927038,1467.1030420125082,45.9
239,SPX,1437.5,SXZ071222C01450000,,call,2007-12-22,2007-03-26,1450.0,0.0,72.6,74.6,750,33262,0.1393,0.5426,0.0022,-59.9014,478.4274,1.008695652173913,0.7424657534246575,0.019254769118843787,1458.1981071993234,73.6
240,SPX,1437.5,SXZ071222P01450000,,put,2007-12-22,2007-03-26,1450.0,0.0,53.0,55.0,850,36194,0.1254,-0.435,0.0025,-22.4919,478.258,1.008695652173913,0.7424657534246575,0.027616240509921328,1467.2789139867764,54.0
241,SPX,1437.5,SXZ071222C01475000,,call,2007-12-22,2007-03-26,1475.0,0.0,57.9,59.9,401,21411,0.1326,0.4847,0.0024,-56.9143,482.9045,1.0260869565217392,0.7424657534246575,0.019990438984749698,1458.9948066853515,58.9
242,SPX,1437.5,SXM071222C01500000,,call,2007-12-22,2007-03-26,1500.0,0.0,44.8,46.8,2400,38157,0.1268,0.4227,0.0025,-52.9583,475.8916,1.0434782608695652,0.7424657534246575,0.02058857297893448,1459.6428814271246,45.8
243,SPX,1437.5,SXM071222P01500000,,put,2007-12-22,2007-03-26,1500.0,0.0,73.3,75.3,25,11687,0.1125,-0.5692,0.0027,-12.1592,472.7661,1.0434782608695652,0.7424657534246575,0.028232104293189755,1467.9499920839453,74.3
244,SPX,1437.5,SXM071222C01550000,,call,2007-12-22,2007-03-26,1550.0,0.0,23.8,25.8,300,42223,0.1147,0.2907,0.0024,-41.2214,419.0593,1.0782608695652174,0.7424657534246575,0.021515917117083408,1460.6482226488351,24.8
245,SPX,1437.5,SXM071222P01550000,,put,2007-12-22,2007-03-26,1550.0,0.0,100.4,102.4,12,955,0.0986,-0.7213,0.0026,4.1955,394.8468,1.0782608695652174,0.7424657534246575,0.029487641168710332,1469.3190429958202,101.4
246,SPX,1437.5,SXM071222C01575000,,call,2007-12-22,2007-03-26,1575.0,0.0,16.3,17.9,500,7008,0.1095,0.227,0.0022,-34.2711,369.3406,1.0956521739130434,0.7424657534246575,0.02188802392717023,1461.0518212695474,17.1
247,SPX,1437.5,SPB071222C01600000,,call,2007-12-22,2007-03-26,1600.0,10.9,10.3,11.9,2600,58963,0.1046,0.1684,0.0019,-27.051,308.7425,1.1130434782608696,0.7424657534246575,0.0221771800711668,1461.3655260168077,11.100000000000001
248,SPX,1437.5,SPB071222C01625000,,call,2007-12-22,2007-03-26,1625.0,6.0,6.4,7.3,805,12426,0.0997,0.1169,0.0016,-19.9484,241.4647,1.1304347826086956,0.7424657534246575,0.02239550438416171,1461.6024301219359,6.85
249,SPX,1437.5,SPB071222C01650000,,call,2007-12-22,2007-03-26,1650.0,3.9,3.5,4.3,4,27635,0.0953,0.0759,0.0012,-13.7343,175.7584,1.1478260869565218,0.7424657534246575,0.022638717703659557,1461.8663865547808,3.9
250,SPX,1437.5,SLQ071231C01400000,,call,2007-12-31,2007-03-26,1400.0,104.7,107.2,109.2,1,4,0.1405,0.6718,0.002,-65.5702,440.6874,0.9739130434782609,0.7671232876712328,0.02703889620877939,1467.6282473819278,108.2
251,SPX,1437.5,SLQ071231P01400000,,put,2007-12-31,2007-03-26,1400.0,43.1,38.9,40.9,4,3,0.1444,-0.3153,0.0019,-25.1202,442.6612,0.9739130434782609,0.7671232876712328,0.034398498648597134,1475.937502885953,39.9
252,SPX,1437.5,SLQ071231C01450000,,call,2007-12-31,2007-03-26,1450.0,75.9,74.1,76.1,3,12,0.1296,0.5684,0.0024,-63.1288,484.0846,1.008695652173913,0.7671232876712328,0.02838379754064867,1469.1431883273845,75.1
253,SPX,1437.5,SQP071231P01550000,,put,2007-12-31,2007-03-26,1550.0,105.0,100.8,102.8,10,0,0.1137,-0.6667,0.0025,3.1685,443.6604,1.0782608695652174,0.7671232876712328,0.03583237625954121,1477.5618696465294,101.8
254,SPX,1437.5,SPT080322P01100000,,put,2008-03-22,2007-03-26,1100.0,7.4,6.6,7.6,650,0,0.1987,-0.0543,0.0004,-13.1577,156.6008,0.7652173913043478,0.9917808219178083,0.03058219676267628,1481.7685342077914,7.1
255,SPX,1437.5,SPT080322P01150000,,put,2008-03-22,2007-03-26,1150.0,11.5,9.3,10.9,10,0,0.1903,-0.076,0.0005,-15.9417,203.2099,0.8,0.9917808219178083,0.030632664705336963,1481.842703228384,10.100000000000001
256,SPX,1437.5,SXZ080322P01400000,,put,2008-03-22,2007-03-26,1400.0,49.8,45.0,47.0,10,1986,0.143,-0.3177,0.0017,-21.0703,502.4776,0.9739130434782609,0.9917808219178083,0.03120558603990193,1482.6849438786116,46.0
257,SPX,1437.5,SXZ080322C01425000,,call,2008-03-22,2007-03-26,1425.0,107.0,105.0,107.0,100,375,0.144,0.612,0.0018,-57.2724,527.6181,0.991304347826087,0.9917808219178083,0.02196848742632807,1469.1638335042521,106.0
258,SPX,1437.5,SXZ080322P01425000,,put,2008-03-22,2007-03-26,1425.0,55.2,51.9,53.9,100,0,0.1379,-0.36,0.0019,-19.3627,526.1934,0.991304347826087,0.9917808219178083,0.03132160796548517,1482.855563761537,52.9
259,SPX,1437.5,SXM080322C01525000,,call,2008-03-22,2007-03-26,1525.0,50.0,48.7,50.7,100,375,0.1241,0.413,0.0022,-48.1412,546.0974,1.0608695652173914,0.9917808219178083,0.024483917634741198,1472.8336136681967,49.7
260,SPX,1437.5,SXM080322P01550000,,put,2008-03-22,2007-03-26,1550.0,108.0,103.5,105.5,10,50,0.1134,-0.6269,0.0022,0.9665,520.2479,1.0782608695652174,0.9917808219178083,0.032689968598561985,1484.869333708435,104.5
261,SPX,1437.5,SXG080621P01000000,,put,2008-06-21,2007-03-26,1000.0,4.7,4.1,5.0,6,2544,0.2056,-0.0323,0.0002,-8.1618,114.9683,0.6956521739130435,1.2410958904109588,0.027513432282876702,1487.4337229228502,4.55
262,SPX,1437.5,SXG080621P01325000,,put,2008-06-21,2007-03-26,1325.0,39.0,34.5,37.1,8,4414,0.1562,-0.2246,0.0012,-19.9528,471.9586,0.9217391304347826,1.2410958904109588,0.028242304965510504,1488.7798655631034,35.8
263,SPX,1437.5,SXG080621P01350000,,put,2008-06-21,2007-03-26,1350.0,40.5,39.3,42.3,4,3288,0.1518,-0.2534,0.0013,-19.7626,503.3671,0.9391304347826087,1.2410958904109588,0.028330650902887382,1488.9431129419622,40.8
264,SPX,1437.5,SXG080621C01450000,,call,2008-06-21,2007-03-26,1450.0,104.5,104.9,107.9,550,7070,0.1493,0.5636,0.0016,-50.3353,602.0116,1.008695652173913,1.2410958904109588,0.0172872754612306,1468.675038837585,106.4
265,SPX,1437.5,SPL081220P00600000,,put,2008-12-20,2007-03-26,600.0,0.35,0.2,0.8,10,6394,0.2657,-0.0026,0.0,-1.0377,14.9631,0.41739130434782606,1.7397260273972603,0.025384445446704727,1502.4054757354215,0.5
266,SPX,1437.5,SXG081220P01000000,,put,2008-12-20,2007-03-26,1000.0,9.1,7.5,9.3,500,49204,0.2017,-0.0473,0.0003,-8.7539,185.0645,0.6956521739130435,1.7397260273972603,0.02668359900560755,1505.8050097299008,8.4
267,SPX,1437.5,SXG081220P01200000,,put,2008-12-20,2007-03-26,1200.0,26.5,24.6,27.2,3,25081,0.1759,-0.1362,0.0006,-14.7814,406.8095,0.8347826086956521,1.7397260273972603,0.027098903696202624,1506.8933716461156,25.9
268,SPX,1437.5,SXG081220P01275000,,put,2008-12-20,2007-03-26,1275.0,36.5,35.7,38.3,2,9626,0.1652,-0.19,0.0008,-15.7836,503.5117,0.8869565217391304,1.7397260273972603,0.027355942487043455,1507.5673705027832,37.0
269,SPX,1437.5,SXG081220C01300000,,call,2008-12-20,2007-03-26,1300.0,235.2,233.5,236.5,1,24162,0.1902,0.7133,0.0008,-41.6446,567.4742,0.9043478260869565,1.7397260273972603,0.005313453529073864,1450.8497903701427,235.0
270,SPX,1437.5,SXG081220P01375000,,put,2008-12-20,2007-03-26,1375.0,60.0,55.9,58.9,750,5322,0.1501,-0.2851,0.0012,-14.6729,625.25,0.9565217391304348,1.7397260273972603,0.02779442777530535,1508.7178483928706,57.4
271,SPX,1437.5,SXG081220P01400000,,put,2008-12-20,2007-03-26,1400.0,63.0,63.5,65.2,551,24866,0.1471,-0.3142,0.0012,-13.9341,651.6182,0.9739130434782609,1.7397260273972603,0.027962756290514753,1509.1597343231235,64.35
272,SPX,1437.5,SXG081220P01450000,,put,2008-12-20,2007-03-26,1450.0,82.2,76.8,79.8,750,3200,0.1383,-0.377,0.0014,-11.1393,692.868,1.008695652173913,1.7397260273972603,0.028271029761913247,1509.9693309440527,78.3
273,SPX,1437.5,SYZ081220C01900000,,call,2008-12-20,2007-03-26,1900.0,2.7,2.4,3.8,10,11111,0.1025,0.0417,0.0005,-6.1123,167.1084,1.3217391304347825,1.7397260273972603,0.020546698402917445,1489.8137612239427,3.0999999999999996
274,SPX,1437.5,SZJ091219P00900000,,put,2009-12-19,2007-03-26,900.0,11.0,9.2,11.4,7250,10287,0.2103,-0.0433,0.0002,-6.5115,214.2926,0.6260869565217392,2.736986301369863,0.024627657605547304,1537.7357698568796,10.3
275,SPX,1437.5,SZT091219P01200000,,put,2009-12-19,2007-03-26,1200.0,42.7,39.5,42.5,2250,2931,0.1767,-0.1577,0.0006,-11.4161,554.1123,0.8347826086956521,2.736986301369863,0.025639056641120345,1541.998404578271,41.0
276,SPX,1437.5,SZT091219P01250000,,put,2009-12-19,2007-03-26,1250.0,50.9,47.9,50.9,3100,1200,0.1706,-0.1875,0.0006,-11.4856,616.575,0.8695652173913043,2.736986301369863,0.025866160129836745,1542.957176562247,49.4
277,SPX,1437.5,SZV091219C01900000,,call,2009-12-19,2007-03-26,1900.0,21.5,20.3,22.9,3000,1851,0.1269,0.1494,0.0007,-15.314,535.144,1.3217391304347825,2.736986301369863,0.01416869997144277,1494.3405882111147,21.6
