,UnderlyingSymbol,UnderlyingPrice,OptionSymbol,OptionExt,Type,Expiration,DataDate,Strike,Last,Bid,Ask,Volume,OpenInterest,IV,Delta,Gamma,Theta,Vega,m,tau,InterestR,ForwardP,Mid
0,SPX,1432.56,SPXW121012P01200000,,put,2012-10-12,2012-10-10,1200.0,0.05,0.0,0.05,6,4861,0.3596,0.0,0.0,0.0,0.0,0.8376612497905848,0.005479452054794521,inf,inf,0.025
1,SPX,1432.56,SPXW121012P01230000,,put,2012-10-12,2012-10-10,1230.0,0.05,0.0,0.05,10,786,0.3596,0.0,0.0,0.0,0.0,0.8586027810353494,0.005479452054794521,inf,inf,0.025
2,SPX,1432.56,SPXW121012P01250000,,put,2012-10-12,2012-10-10,1250.0,0.05,0.0,0.05,10,8555,0.3596,0.0,0.0,0.0,0.0,0.8725638018651924,0.005479452054794521,inf,inf,0.025
3,SPX,1432.56,SPXW121012P01275000,,put,2012-10-12,2012-10-10,1275.0,0.05,0.0,0.05,40,2394,0.3596,0.0,0.0,-0.0009,0.0,0.8900150779024962,0.005479452054794521,inf,inf,0.025
4,SPX,1432.56,SPXW121012P01280000,,put,2012-10-12,2012-10-10,1280.0,0.05,0.0,0.05,10,2253,0.3596,0.0,0.0,-0.0024,0.0,0.8935053331099571,0.005479452054794521,inf,inf,0.025
5,SPX,1432.56,SPXW121012P01290000,,put,2012-10-12,2012-10-10,1290.0,0.05,0.0,0.05,1508,3217,0.3596,0.0,0.0,-0.0143,0.0003,0.9004858435248786,0.005479452054794521,inf,inf,0.025
6,SPX,1432.56,SPXW121012P01300000,,put,2012-10-12,2012-10-10,1300.0,0.07,0.05,0.1,1025,14317,0.3596,0.0,0.0,-0.0748,0.0015,0.9074663539398001,0.005479452054794521,inf,inf,0.07500000000000001
7,SPX,1432.56,SPXW121012P01305000,,put,2012-10-12,2012-10-10,1305.0,0.1,0.05,0.1,243,3216,0.3596,0.0,0.0,-0.1625,0.0033,0.9109566091472608,0.005479452054794521,inf,inf,0.07500000000000001
8,SPX,1432.56,SPXW121012P01310000,,put,2012-10-12,2012-10-10,1310.0,0.1,0.05,0.1,438,1245,0.3596,0.0,0.0,-0.3411,0.0069,0.9144468643547217,0.005479452054794521,inf,inf,0.07500000000000001
9,SPX,1432.56,SPXW121012C01315000,,call,2012-10-12,2012-10-10,1315.0,119.2,115.5,118.5,10,0,0.1799,1.0,0.0,-4.346,0.0,0.9179371195621824,0.005479452054794521,inf,inf,117.0
10,SPX,1432.56,SPXW121012P01315000,,put,2012-10-12,2012-10-10,1315.0,0.1,0.05,0.1,249,1439,0.3596,0.0,0.0,-0.6924,0.0141,0.9179371195621824,0.005479452054794521,inf,inf,0.07500000000000001
11,SPX,1432.56,SPXW121012P01320000,,put,2012-10-12,2012-10-10,1320.0,0.1,0.1,0.15,148,1588,0.3596,-0.0001,0.0,-1.3595,0.0276,0.9214273747696432,0.005479452054794521,3.0678447111078313,1456.845033474166,0.125
12,SPX,1432.56,SPXW121012P01325000,,put,2012-10-12,2012-10-10,1325.0,0.15,0.1,0.15,482,21670,0.3596,-0.0002,0.0,-2.5829,0.0525,0.9249176299771039,0.005479452054794521,2.888584435323819,1455.414752787956,0.125
13,SPX,1432.56,SPXW121012P01330000,,put,2012-10-12,2012-10-10,1330.0,0.15,0.1,0.15,114,2603,0.3596,-0.0003,0.0,-4.7503,0.0965,0.9284078851845647,0.005479452054794521,3.0490309785589953,1456.6948565968682,0.125
14,SPX,1432.56,SPXW121012P01335000,,put,2012-10-12,2012-10-10,1335.0,0.2,0.1,0.2,50,821,0.3596,-0.0006,0.0001,-8.46,0.1719,0.9318981403920255,0.005479452054794521,2.797545408806667,1454.6889089552574,0.15000000000000002
15,SPX,1432.56,SPXW121012P01340000,,put,2012-10-12,2012-10-10,1340.0,0.15,0.1,0.2,171,2154,0.3596,-0.001,0.0001,-14.5951,0.2966,0.9353883955994863,0.005479452054794521,2.757668752415562,1454.371090912588,0.15000000000000002
16,SPX,1432.56,SPXW121012P01345000,,put,2012-10-12,2012-10-10,1345.0,0.25,0.15,0.25,73,765,0.3596,-0.0018,0.0002,-24.3998,0.4959,0.938878650806947,0.005479452054794521,2.5678287174046113,1452.8590125157293,0.2
17,SPX,1432.56,SPXW121012P01350000,,put,2012-10-12,2012-10-10,1350.0,0.25,0.2,0.25,1874,24962,0.3596,-0.003,0.0003,-39.5416,0.8037,0.9423689060144078,0.005479452054794521,2.450950242673341,1451.9288559023744,0.225
18,SPX,1432.56,SPXW121012P01355000,,put,2012-10-12,2012-10-10,1355.0,0.25,0.25,0.3,160,1097,0.3596,-0.005,0.0005,-62.138,1.2629,0.9458591612218685,0.005479452054794521,2.2902966187044407,1450.6512942862778,0.275
19,SPX,1432.56,SPXW121012C01360000,,call,2012-10-12,2012-10-10,1360.0,74.4,70.6,73.7,10,0,0.1799,1.0,0.0,-4.5037,0.0004,0.9493494164293294,0.005479452054794521,inf,inf,72.15
20,SPX,1432.56,SPXW121012P01360000,,put,2012-10-12,2012-10-10,1360.0,0.3,0.2,0.3,1226,2801,0.3596,-0.0081,0.0007,-94.7199,1.9252,0.9493494164293294,0.005479452054794521,2.1295921081110225,1449.3744526746095,0.25
21,SPX,1432.56,SPXW121012C01365000,,call,2012-10-12,2012-10-10,1365.0,67.35,65.5,68.7,5,3,0.1799,1.0,0.0,-4.554,0.0017,0.9528396716367901,0.005479452054794521,inf,inf,67.1
22,SPX,1432.56,SPXW121012P01365000,,put,2012-10-12,2012-10-10,1365.0,0.3,0.25,0.3,251,4750,0.3596,-0.0127,0.0011,-140.103,2.8477,0.9528396716367901,0.005479452054794521,1.9777741692652284,1448.1692496958665,0.275
23,SPX,1432.56,SPXW121012C01370000,,call,2012-10-12,2012-10-10,1370.0,62.45,60.5,63.7,5,3,0.1799,1.0,0.0,-4.708,0.0073,0.9563299268442509,0.005479452054794521,inf,inf,62.1
24,SPX,1432.56,SPXW121012P01370000,,put,2012-10-12,2012-10-10,1370.0,0.35,0.25,0.35,138,2148,0.3596,-0.0194,0.0015,-201.1489,4.0886,0.9563299268442509,0.005479452054794521,1.8242426149516822,1446.9514624173983,0.3
25,SPX,1432.56,SPXW121012C01375000,,call,2012-10-12,2012-10-10,1375.0,59.5,55.7,58.8,10,10,0.1799,0.9999,0.0,-5.2201,0.0275,0.9598201820517117,0.005479452054794521,1.5379988335965162,1444.683757130117,57.25
26,SPX,1432.56,SPXW121012P01375000,,put,2012-10-12,2012-10-10,1375.0,0.35,0.3,0.4,3351,7909,0.3596,-0.0288,0.0021,-280.408,5.6998,0.9598201820517117,0.005479452054794521,1.675036582035427,1445.7689656629645,0.35
27,SPX,1432.56,SPXW121012P01380000,,put,2012-10-12,2012-10-10,1380.0,0.4,0.35,0.45,407,1928,0.3409,-0.034,0.0026,-304.6234,6.532,0.9633104372591724,0.005479452054794521,1.524838689163967,1444.5795841907773,0.4
28,SPX,1432.56,SPXW121012P01385000,,put,2012-10-12,2012-10-10,1385.0,0.45,0.4,0.5,3249,2615,0.3205,-0.0398,0.0031,-325.6418,7.4275,0.9668006924666332,0.005479452054794521,1.376951871213989,1443.4094595699962,0.45
29,SPX,1432.56,SPXW121012C01390000,,call,2012-10-12,2012-10-10,1390.0,42.45,40.7,43.9,20,40,0.1799,0.9973,0.0005,-22.4106,0.7241,0.970290947674094,0.005479452054794521,1.2412470290631101,1442.336556311014,42.3
30,SPX,1432.56,SPXW121012P01390000,,put,2012-10-12,2012-10-10,1390.0,0.53,0.5,0.55,727,1043,0.3017,-0.0481,0.0038,-357.1921,8.6553,0.970290947674094,0.005479452054794521,1.2306654018147931,1442.2529298707436,0.525
31,SPX,1432.56,SPXW121012P01395000,,put,2012-10-12,2012-10-10,1395.0,0.6,0.5,0.6,1873,3737,0.2752,-0.0541,0.0046,-357.8189,9.5061,0.9737812028815548,0.005479452054794521,1.0853090517214026,1441.1046714740605,0.55
32,SPX,1432.56,SPXW121012C01400000,,call,2012-10-12,2012-10-10,1400.0,32.65,30.9,34.2,45,97,0.1799,0.983,0.0027,-94.2528,3.6431,0.9772714580890155,0.005479452054794521,0.9404362949951526,1439.961142912631,32.55
33,SPX,1432.56,SPXW121012P01400000,,put,2012-10-12,2012-10-10,1400.0,0.7,0.65,0.75,8442,10283,0.2593,-0.07,0.006,-412.3861,11.6286,0.9772714580890155,0.005479452054794521,0.9401800005140291,1439.9591206998375,0.7
34,SPX,1432.56,SPXW121012P01405000,,put,2012-10-12,2012-10-10,1405.0,1.04,0.85,0.95,2608,2267,0.2428,-0.0914,0.0078,-472.3912,14.2275,0.9807617132964763,0.005479452054794521,0.7949485349892993,1438.8136731116347,0.8999999999999999
35,SPX,1432.56,SPXW121012P01410000,,put,2012-10-12,2012-10-10,1410.0,1.2,1.15,1.3,3564,8459,0.2289,-0.124,0.0103,-554.7507,17.7252,0.984251968503937,0.005479452054794521,0.6491694604634238,1437.6648228356455,1.225
36,SPX,1432.56,SPXW121012C01415000,,call,2012-10-12,2012-10-10,1415.0,22.5,17.0,20.1,6,18,0.1799,0.873,0.0134,-447.7528,18.0184,0.9877422237113979,0.005479452054794521,0.5051802255096359,1436.5309783615266,18.55
37,SPX,1432.56,SPXW121012P01415000,,put,2012-10-12,2012-10-10,1415.0,1.6,1.65,1.75,5015,8105,0.2153,-0.1697,0.0136,-644.2061,21.8878,0.9877422237113979,0.005479452054794521,0.5046357062924889,1436.5266922379276,1.7
38,SPX,1432.56,SPXW121012C01420000,,call,2012-10-12,2012-10-10,1420.0,14.2,13.6,15.3,61,116,0.1799,0.7929,0.0184,-613.1766,24.7513,0.9912324789188586,0.005479452054794521,0.3611025928948616,1435.3973328529562,14.45
39,SPX,1432.56,SPXW121012P01420000,,put,2012-10-12,2012-10-10,1420.0,2.3,2.35,2.55,2694,3007,0.2041,-0.2354,0.0174,-742.9653,26.6353,0.9912324789188586,0.005479452054794521,0.3605036456358837,1435.3926220261765,2.45
40,SPX,1432.56,SPXW121012C01425000,,call,2012-10-12,2012-10-10,1425.0,11.2,10.6,11.0,42,73,0.1799,0.6891,0.0227,-756.3827,30.5865,0.9947227341263194,0.005479452054794521,0.21704336177597233,1434.264726583401,10.8
41,SPX,1432.56,SPXW121012P01425000,,put,2012-10-12,2012-10-10,1425.0,3.6,3.6,3.8,2632,2511,0.1983,-0.3269,0.021,-846.2856,31.237,0.9947227341263194,0.005479452054794521,0.21613915737988823,1434.2576204723969,3.7
42,SPX,1432.56,SPXW121012C01430000,,call,2012-10-12,2012-10-10,1430.0,7.3,7.3,7.6,345,387,0.1761,0.5693,0.0258,-822.6762,34.0199,0.9982129893337801,0.005479452054794521,0.07342478975786358,1433.1364744063148,7.449999999999999
43,SPX,1432.56,SPXW121012P01430000,,put,2012-10-12,2012-10-10,1430.0,5.3,5.2,5.5,2580,4042,0.19,-0.4354,0.0239,-884.4359,34.0885,0.9982129893337801,0.005479452054794521,0.07299259899038843,1433.1330805015511,5.35
44,SPX,1432.56,SPXW121012C01435000,,call,2012-10-12,2012-10-10,1435.0,4.8,4.6,4.9,1172,746,0.1702,0.4368,0.0267,-796.6215,34.1074,1.0017032445412408,0.005479452054794521,-0.06969209829658145,1432.013046290702,4.75
45,SPX,1432.56,SPXW121012P01435000,,put,2012-10-12,2012-10-10,1435.0,7.6,7.4,7.8,2281,8528,0.1827,-0.5586,0.0249,-851.775,34.1681,1.0017032445412408,0.005479452054794521,-0.06996692209964828,1432.0108898470028,7.6
46,SPX,1432.56,SPXW121012C01440000,,call,2012-10-12,2012-10-10,1440.0,2.8,2.8,2.85,1644,868,0.1679,0.3071,0.0242,-700.5116,30.4189,1.0051934997487018,0.005479452054794521,-0.21210722663315643,1430.8960009792158,2.825
47,SPX,1432.56,SPXW121012P01440000,,put,2012-10-12,2012-10-10,1440.0,10.5,9.9,12.3,669,2248,0.1941,-0.6681,0.0216,-831.7679,31.4282,1.0051934997487018,0.005479452054794521,-0.2132520538504556,1430.8870249597687,11.100000000000001
48,SPX,1432.56,SPXW121012C01445000,,call,2012-10-12,2012-10-10,1445.0,1.55,1.5,1.55,1140,962,0.1647,0.1942,0.0193,-537.7805,23.8149,1.0086837549561625,0.005479452054794521,-0.3547099112037409,1429.7783576299996,1.525
49,SPX,1432.56,SPXW121012P01445000,,put,2012-10-12,2012-10-10,1445.0,14.22,13.6,15.8,116,5019,0.1918,-0.7701,0.0183,-686.4229,26.2875,1.0086837549561625,0.005479452054794521,-0.35571095997813434,1429.770515033029,14.7
50,SPX,1432.56,SPXW121012C01450000,,call,2012-10-12,2012-10-10,1450.0,0.85,0.75,0.85,3495,3769,0.1662,0.1154,0.0135,-383.7612,16.8457,1.0121740101636232,0.005479452054794521,-0.4959399946536997,1428.6723323989213,0.8
51,SPX,1432.56,SPXW121012P01450000,,put,2012-10-12,2012-10-10,1450.0,18.4,17.2,20.0,2176,6664,0.1918,-0.8501,0.014,-525.5843,20.1759,1.0121740101636232,0.005479452054794521,-0.49664035615938795,1428.6668497403682,18.6
52,SPX,1432.56,SPXW121012C01455000,,call,2012-10-12,2012-10-10,1455.0,0.45,0.4,0.45,887,2625,0.1702,0.0662,0.0087,-259.748,11.1364,1.015664265371084,0.005479452054794521,-0.6376450350631174,1427.5634475050167,0.42500000000000004
53,SPX,1432.56,SPXW121012P01455000,,put,2012-10-12,2012-10-10,1455.0,24.7,21.9,25.0,36,1431,0.1918,-0.9089,0.0099,-368.118,14.189,1.015664265371084,0.005479452054794521,-0.6383489923216538,1427.557940975084,23.45
54,SPX,1432.56,SPXW121012C01460000,,call,2012-10-12,2012-10-10,1460.0,0.3,0.25,0.35,1332,6553,0.1799,0.0411,0.0057,-187.887,7.6224,1.0191545205785448,0.005479452054794521,-0.7775766818818336,1426.4692845441832,0.3
55,SPX,1432.56,SPXW121012P01460000,,put,2012-10-12,2012-10-10,1460.0,27.98,26.8,29.8,16,4520,0.1918,-0.9484,0.0064,-235.6694,9.1515,1.0191545205785448,0.005479452054794521,-0.7779969852374274,1426.4659993434348,28.3
56,SPX,1432.56,SPXW121012C01465000,,call,2012-10-12,2012-10-10,1465.0,0.21,0.15,0.25,1214,2935,0.1799,0.02,0.0031,-103.5112,4.1999,1.0226447757860055,0.005479452054794521,-0.9208646592685462,1425.3497465719913,0.2
57,SPX,1432.56,SPXW121012P01465000,,put,2012-10-12,2012-10-10,1465.0,33.0,31.7,34.7,48,398,0.1918,-0.9729,0.0038,-137.5262,5.4181,1.0226447757860055,0.005479452054794521,-0.9202473106212845,1425.3545681567923,33.2
58,SPX,1432.56,SPXW121012C01470000,,call,2012-10-12,2012-10-10,1470.0,0.1,0.1,0.15,1477,7989,0.1799,0.009,0.0016,-51.7908,2.1016,1.0261350309934663,0.005479452054794521,-1.0569987528055704,1424.2869172948476,0.125
59,SPX,1432.56,SPXW121012P01470000,,put,2012-10-12,2012-10-10,1470.0,37.2,36.7,39.6,44,1549,0.1918,-0.9867,0.002,-72.5741,2.9471,1.0261350309934663,0.005479452054794521,-1.05530262425177,1424.3001544725748,38.150000000000006
60,SPX,1432.56,SPXW121012C01475000,,call,2012-10-12,2012-10-10,1475.0,0.1,0.05,0.1,897,9255,0.1799,0.0037,0.0007,-23.5569,0.956,1.029625286200927,0.005479452054794521,-1.1971852587923881,1423.1932781719947,0.07500000000000001
61,SPX,1432.56,SPXW121012C01480000,,call,2012-10-12,2012-10-10,1480.0,0.1,0.05,0.1,558,4594,0.1799,0.0014,0.0003,-9.7501,0.3957,1.033115541408388,0.005479452054794521,-1.3344341733620135,1422.1233696703025,0.07500000000000001
62,SPX,1432.56,SPXW121012C01485000,,call,2012-10-12,2012-10-10,1485.0,0.05,0.05,0.1,262,6222,0.1799,0.0005,0.0001,-3.6757,0.1492,1.0366057966158486,0.005479452054794521,-1.4520103732110345,1421.2074572813071,0.07500000000000001
63,SPX,1432.56,SPXW121012C01490000,,call,2012-10-12,2012-10-10,1490.0,0.05,0.0,0.1,777,6770,0.1799,0.0002,0.0,-1.2633,0.0513,1.0400960518233093,0.005479452054794521,-1.4450667448867334,1421.2615313859053,0.05
64,SPX,1432.56,SPXW121012C01495000,,call,2012-10-12,2012-10-10,1495.0,0.05,0.0,0.05,781,7701,0.1799,0.0,0.0,-0.3962,0.0161,1.04358630703077,0.005479452054794521,-inf,0.0,0.025
65,SPX,1432.56,SPXW121012C01500000,,call,2012-10-12,2012-10-10,1500.0,0.05,0.0,0.05,2507,6839,0.1799,0.0,0.0,-0.1135,0.0046,1.047076562238231,0.005479452054794521,-inf,0.0,0.025
66,SPX,1432.56,SPXW121012C01505000,,call,2012-10-12,2012-10-10,1505.0,0.05,0.0,0.05,343,1603,0.1799,0.0,0.0,-0.0297,0.0012,1.0505668174456917,0.005479452054794521,-inf,0.0,0.025
67,SPX,1432.56,SPXW121012P01505000,,put,2012-10-12,2012-10-10,1505.0,64.9,71.6,74.6,4,1,0.1918,-1.0,0.0,4.8648,0.0042,1.0505668174456917,0.005479452054794521,-inf,0.0,73.1
68,SPX,1432.56,SPXW121012C01510000,,call,2012-10-12,2012-10-10,1510.0,0.05,0.0,0.05,199,4774,0.1799,0.0,0.0,-0.0071,0.0003,1.0540570726531524,0.005479452054794521,-inf,0.0,0.025
69,SPX,1432.56,SPXW121012C01515000,,call,2012-10-12,2012-10-10,1515.0,0.05,0.0,0.05,266,6217,0.1799,0.0,0.0,-0.0016,0.0001,1.0575473278606131,0.005479452054794521,-inf,0.0,0.025
70,SPX,1432.56,SPXW121012C01520000,,call,2012-10-12,2012-10-10,1520.0,0.05,0.0,0.05,60,1258,0.1799,0.0,0.0,-0.0003,0.0,1.061037583068074,0.005479452054794521,-inf,0.0,0.025
71,SPX,1432.56,SPXW121012C01575000,,call,2012-10-12,2012-10-10,1575.0,0.05,0.0,0.05,5,1446,0.1799,0.0,0.0,0.0,0.0,1.0994303903501423,0.005479452054794521,-inf,0.0,0.025
72,SPX,1432.56,SPX121020P01040000,,put,2012-10-20,2012-10-10,1040.0,0.05,0.0,0.05,100,1284,0.2344,0.0,0.0,0.0,0.0,0.7259730831518401,0.0273972602739726,inf,inf,0.025
73,SPX,1432.56,SPX121020P01125000,,put,2012-10-20,2012-10-10,1125.0,0.05,0.0,0.05,20,30219,0.2344,0.0,0.0,0.0,0.0,0.7853074216786732,0.0273972602739726,inf,inf,0.025
74,SPX,1432.56,SPX121020P01140000,,put,2012-10-20,2012-10-10,1140.0,0.05,0.0,0.05,120,1331,0.2344,0.0,0.0,0.0,0.0,0.7957781873010554,0.0273972602739726,inf,inf,0.025
75,SPX,1432.56,SPX121020P01150000,,put,2012-10-20,2012-10-10,1150.0,0.05,0.0,0.05,101,28762,0.2344,0.0,0.0,0.0,0.0,0.8027586977159771,0.0273972602739726,inf,inf,0.025
76,SPX,1432.56,SPX121020P01165000,,put,2012-10-20,2012-10-10,1165.0,0.05,0.0,0.05,1720,1857,0.2344,0.0,0.0,-0.0001,0.0,0.8132294633383593,0.0273972602739726,inf,inf,0.025
77,SPX,1432.56,SPX121020P01170000,,put,2012-10-20,2012-10-10,1170.0,0.05,0.05,0.1,1830,8717,0.2344,0.0,0.0,-0.0002,0.0,0.8167197185458202,0.0273972602739726,inf,inf,0.07500000000000001
78,SPX,1432.56,SPX121020P01175000,,put,2012-10-20,2012-10-10,1175.0,0.05,0.0,0.1,3161,16161,0.2344,0.0,0.0,-0.0003,0.0001,0.8202099737532809,0.0273972602739726,inf,inf,0.05
79,SPX,1432.56,SPX121020P01200000,,put,2012-10-20,2012-10-10,1200.0,0.1,0.05,0.1,1399,38327,0.2344,0.0,0.0,-0.0058,0.0013,0.8376612497905848,0.0273972602739726,inf,inf,0.07500000000000001
80,SPX,1432.56,SPX121020P01205000,,put,2012-10-20,2012-10-10,1205.0,0.1,0.05,0.15,480,1607,0.2344,0.0,0.0,-0.0097,0.0021,0.8411515049980455,0.0273972602739726,inf,inf,0.1
81,SPX,1432.56,SPX121020P01210000,,put,2012-10-20,2012-10-10,1210.0,0.1,0.05,0.15,400,2553,0.2344,0.0,0.0,-0.0161,0.0035,0.8446417602055063,0.0273972602739726,inf,inf,0.1
82,SPX,1432.56,SPX121020P01215000,,put,2012-10-20,2012-10-10,1215.0,0.1,0.05,0.15,45,2441,0.2344,0.0,0.0,-0.0262,0.0057,0.848132015412967,0.0273972602739726,inf,inf,0.1
83,SPX,1432.56,SPX121020P01220000,,put,2012-10-20,2012-10-10,1220.0,0.15,0.1,0.15,30,5759,0.2344,0.0,0.0,-0.0422,0.0092,0.8516222706204278,0.0273972602739726,inf,inf,0.125
84,SPX,1432.56,SPX121020P01225000,,put,2012-10-20,2012-10-10,1225.0,0.15,0.1,0.15,412,34545,0.2344,0.0,0.0,-0.0671,0.0146,0.8551125258278885,0.0273972602739726,inf,inf,0.125
85,SPX,1432.56,SPX121020P01230000,,put,2012-10-20,2012-10-10,1230.0,0.15,0.05,0.2,60,1494,0.2344,0.0,0.0,-0.1051,0.0228,0.8586027810353494,0.0273972602739726,inf,inf,0.125
86,SPX,1432.56,SPX121020P01235000,,put,2012-10-20,2012-10-10,1235.0,0.15,0.05,0.2,10,1646,0.2344,0.0,0.0,-0.1624,0.0352,0.8620930362428101,0.0273972602739726,inf,inf,0.125
87,SPX,1432.56,SPX121020P01240000,,put,2012-10-20,2012-10-10,1240.0,0.15,0.15,0.2,30,2437,0.2344,-0.0001,0.0,-0.2475,0.0537,0.8655832914502709,0.0273972602739726,-0.029685850062679472,1431.3953569229407,0.175
88,SPX,1432.56,SPX121020P01245000,,put,2012-10-20,2012-10-10,1245.0,0.2,0.1,0.2,126,2015,0.2344,-0.0001,0.0,-0.3724,0.0807,0.8690735466577316,0.0273972602739726,0.11719563587729415,1437.1671123944038,0.15000000000000002
89,SPX,1432.56,SPX121020P01250000,,put,2012-10-20,2012-10-10,1250.0,0.2,0.05,0.25,204,46888,0.2344,-0.0001,0.0,-0.5531,0.1199,0.8725638018651924,0.0273972602739726,0.26348841688746266,1442.9388678658675,0.15
90,SPX,1432.56,SPX121020P01255000,,put,2012-10-20,2012-10-10,1255.0,0.2,0.05,0.25,25,1337,0.2344,-0.0002,0.0,-0.8108,0.1757,0.8760540570726532,0.0273972602739726,0.15580471357732537,1438.6881275733206,0.15
91,SPX,1432.56,SPX121020P01260000,,put,2012-10-20,2012-10-10,1260.0,0.25,0.25,0.3,85,6235,0.2344,-0.0003,0.0,-1.1734,0.2543,0.879544312280114,0.0273972602739726,0.14732704014940792,1438.354009442275,0.275
92,SPX,1432.56,SPX121020P01265000,,put,2012-10-20,2012-10-10,1265.0,0.25,0.25,0.3,25,3086,0.2344,-0.0004,0.0,-1.677,0.3633,0.8830345674875747,0.0273972602739726,0.18026261612890007,1439.6524860884585,0.275
93,SPX,1432.56,SPX121020P01270000,,put,2012-10-20,2012-10-10,1270.0,0.3,0.25,0.35,34,11127,0.2344,-0.0006,0.0,-2.3668,0.5127,0.8865248226950355,0.0273972602739726,0.16292871284881927,1438.9689553390356,0.3
94,SPX,1432.56,SPX121020P01275000,,put,2012-10-20,2012-10-10,1275.0,0.3,0.3,0.35,2409,35606,0.2344,-0.0009,0.0001,-3.2995,0.7146,0.8900150779024962,0.0273972602739726,0.13996452795921324,1438.0639044849656,0.32499999999999996
95,SPX,1432.56,SPX121020P01290000,,put,2012-10-20,2012-10-10,1290.0,0.45,0.3,0.5,2315,8298,0.2344,-0.0025,0.0001,-8.3118,1.7989,0.9004858435248786,0.0273972602739726,0.12170095427045904,1437.3445177382691,0.4
96,SPX,1432.56,SPX121020P01300000,,put,2012-10-20,2012-10-10,1300.0,0.45,0.45,0.6,2038,69311,0.2344,-0.0047,0.0003,-14.5032,3.1372,0.9074663539398001,0.0273972602739726,0.10633678088123336,1436.7396146383646,0.525
97,SPX,1432.56,SPX121020P01305000,,put,2012-10-20,2012-10-10,1305.0,0.45,0.05,0.8,1,1445,0.2344,-0.0063,0.0003,-18.828,4.0715,0.9109566091472608,0.0273972602739726,0.10161865867873238,1436.5539084747095,0.42500000000000004
98,SPX,1432.56,SPX121020P01310000,,put,2012-10-20,2012-10-10,1310.0,0.41,0.05,0.8,99,7217,0.2344,-0.0084,0.0004,-24.1651,5.2241,0.9144468643547217,0.0273972602739726,0.09417034847497067,1436.26079046154,0.42500000000000004
99,SPX,1432.56,SPX121020P01315000,,put,2012-10-20,2012-10-10,1315.0,0.53,0.1,0.85,20,4163,0.2344,-0.011,0.0005,-30.6671,6.6276,0.9179371195621824,0.0273972602739726,0.09063066777020842,1436.121512157358,0.475
100,SPX,1432.56,SPX121020P01320000,,put,2012-10-20,2012-10-10,1320.0,0.59,0.5,0.9,45,8976,0.2344,-0.0143,0.0007,-38.487,8.3148,0.9214273747696432,0.0273972602739726,0.08553879693781954,1435.921182425821,0.7
101,SPX,1432.56,SPX121020P01325000,,put,2012-10-20,2012-10-10,1325.0,0.7,0.6,0.8,580,49838,0.2344,-0.0184,0.0008,-47.771,10.3168,0.9249176299771039,0.0273972602739726,0.0805333218943324,1435.7242790057053,0.7
102,SPX,1432.56,SPX121020P01330000,,put,2012-10-20,2012-10-10,1330.0,0.75,0.25,0.8,21,26643,0.2344,-0.0234,0.001,-58.6515,12.6618,0.9284078851845647,0.0273972602739726,0.07658033691595334,1435.5687971099887,0.525
103,SPX,1432.56,SPX121020P01335000,,put,2012-10-20,2012-10-10,1335.0,0.69,0.3,1.05,40,3389,0.2335,-0.029,0.0012,-70.0142,15.1666,0.9318981403920255,0.0273972602739726,0.07258232648548099,1435.4115613646823,0.675
104,SPX,1432.56,SPX121020P01340000,,put,2012-10-20,2012-10-10,1340.0,0.78,0.35,1.1,28,29435,0.2266,-0.0323,0.0014,-74.1757,16.5484,0.9353883955994863,0.0273972602739726,0.06631667976166009,1435.1651775332384,0.7250000000000001
105,SPX,1432.56,SPX121020P01345000,,put,2012-10-20,2012-10-10,1345.0,0.9,0.45,1.2,130,2018,0.2221,-0.0375,0.0016,-82.3158,18.7262,0.938878650806947,0.0273972602739726,0.06238249559231389,1435.010495345779,0.825
106,SPX,1432.56,SPX121020P01350000,,put,2012-10-20,2012-10-10,1350.0,1.0,0.95,1.1,8508,82531,0.2232,-0.0477,0.0019,-100.4897,22.7366,0.9423689060144078,0.0273972602739726,0.057179304511406404,1434.80594461593,1.025
107,SPX,1432.56,SPX121020P01355000,,put,2012-10-20,2012-10-10,1355.0,1.3,0.7,1.4,35,3917,0.2116,-0.0497,0.0021,-98.5146,23.4929,0.9458591612218685,0.0273972602739726,0.05245011939043948,1434.6200535650078,1.0499999999999998
108,SPX,1432.56,SPX121020C01360000,,call,2012-10-20,2012-10-10,1360.0,74.1,71.4,74.7,4,492,0.1707,0.9708,0.0017,-24.1354,15.0073,0.9493494164293294,0.0273972602739726,0.04012235588619893,1434.1355968407138,73.05000000000001
109,SPX,1432.56,SPX121020P01360000,,put,2012-10-20,2012-10-10,1360.0,0.0,0.8,1.4,918,8808,0.2027,-0.0542,0.0024,-101.2484,25.1838,0.9493494164293294,0.0273972602739726,0.0482784275834523,1434.4560960108465,1.1
110,SPX,1432.56,SPX121020P01365000,,put,2012-10-20,2012-10-10,1365.0,1.35,0.9,1.65,24,3532,0.1973,-0.0627,0.0027,-110.6458,28.2505,0.9528396716367901,0.0273972602739726,0.04399566722390133,1434.2877926876392,1.275
111,SPX,1432.56,SPX121020C01370000,,call,2012-10-20,2012-10-10,1370.0,65.5,61.7,65.0,6,397,0.1707,0.9481,0.0027,-55.1477,24.1094,0.9563299268442509,0.0273972602739726,0.03322147409203957,1433.8644772593705,63.35
112,SPX,1432.56,SPX121020P01370000,,put,2012-10-20,2012-10-10,1370.0,1.62,1.4,1.8,3074,14589,0.1966,-0.0776,0.0032,-129.9849,33.2795,0.9563299268442509,0.0273972602739726,0.03915376429293228,1434.0975400392927,1.6
113,SPX,1432.56,SPX121020C01375000,,call,2012-10-20,2012-10-10,1375.0,59.0,57.0,60.2,10841,23811,0.1707,0.9325,0.0033,-74.2753,29.7112,0.9598201820517117,0.0273972602739726,0.030028002451469745,1433.7390305405663,58.6
114,SPX,1432.56,SPX121020P01375000,,put,2012-10-20,2012-10-10,1375.0,0.0,1.8,2.0,6192,77855,0.1926,-0.0914,0.0037,-144.1608,37.6378,0.9598201820517117,0.0273972602739726,0.03473714707545489,1433.9240201298776,1.9
115,SPX,1432.56,SPX121020C01380000,,call,2012-10-20,2012-10-10,1380.0,54.0,52.2,55.5,13,705,0.1702,0.9141,0.004,-94.5905,35.7517,0.9633104372591724,0.0273972602739726,0.026230648780779083,1433.589876267422,53.85
116,SPX,1432.56,SPX121020P01380000,,put,2012-10-20,2012-10-10,1380.0,0.0,2.0,2.4,731,12028,0.187,-0.1057,0.0043,-155.8601,41.8612,0.9633104372591724,0.0273972602739726,0.030057144846364736,1433.740175269489,2.2
117,SPX,1432.56,SPX121020C01385000,,call,2012-10-20,2012-10-10,1385.0,49.5,47.6,50.8,1,11,0.1702,0.8914,0.0048,-117.7026,42.5114,0.9668006924666332,0.0273972602739726,0.022059376692084895,1433.4260529316646,49.2
118,SPX,1432.56,SPX121020P01385000,,put,2012-10-20,2012-10-10,1385.0,0.0,2.2,2.8,1193,5920,0.1802,-0.121,0.0049,-165.5793,46.0848,0.9668006924666332,0.0273972602739726,0.02517870079404023,1433.5485600961122,2.5
119,SPX,1432.56,SPX121020P01390000,,put,2012-10-20,2012-10-10,1390.0,2.71,2.2,3.4,2317,20489,0.1721,-0.1372,0.0056,-172.8634,50.2908,0.970290947674094,0.0273972602739726,0.020803922382431825,1433.3767496449104,2.8
120,SPX,1432.56,SPX121020P01395000,,put,2012-10-20,2012-10-10,1395.0,3.5,2.7,3.8,519,8224,0.1662,-0.1597,0.0064,-185.1244,55.666,0.9737812028815548,0.0273972602739726,0.01620856045921893,1433.196298403572,3.25
121,SPX,1432.56,SPX121020C01400000,,call,2012-10-20,2012-10-10,1400.0,36.0,34.3,36.2,37,104344,0.1527,0.8245,0.0074,-154.2918,59.0287,0.9772714580890155,0.0273972602739726,0.009585256177611185,1432.9362536371127,35.25
122,SPX,1432.56,SPX121020P01400000,,put,2012-10-20,2012-10-10,1400.0,3.78,3.2,4.0,5876,143859,0.1571,-0.1816,0.0073,-190.435,60.4311,0.9772714580890155,0.0273972602739726,0.011517993674675939,1433.0121320742146,3.6
123,SPX,1432.56,SPX121020P01405000,,put,2012-10-20,2012-10-10,1405.0,4.65,4.0,5.2,46,19358,0.1564,-0.2204,0.0083,-213.4398,67.8886,0.9807617132964763,0.0273972602739726,0.007094687317705944,1432.838480906831,4.6
124,SPX,1432.56,SPX121020C01410000,,call,2012-10-20,2012-10-10,1410.0,27.3,26.0,27.7,3,6166,0.1444,0.7509,0.0096,-184.8913,72.5582,0.984251968503937,0.0273972602739726,0.0010923287612075276,1432.6028726001514,26.85
125,SPX,1432.56,SPX121020P01410000,,put,2012-10-20,2012-10-10,1410.0,5.5,4.9,6.1,1348,13974,0.1517,-0.2587,0.0093,-226.6042,74.0895,0.984251968503937,0.0273972602739726,0.0024196793954462618,1432.6549712551632,5.5
126,SPX,1432.56,SPX121020C01415000,,call,2012-10-20,2012-10-10,1415.0,22.7,22.1,24.7,2,2077,0.1464,0.6975,0.0104,-210.0458,79.8565,0.9877422237113979,0.0273972602739726,-0.0034165543286383522,1432.4259126025472,23.4
127,SPX,1432.56,SPX121020P01415000,,put,2012-10-20,2012-10-10,1415.0,6.55,5.8,7.3,217,15750,0.1467,-0.3023,0.0104,-237.1755,79.8983,0.9877422237113979,0.0273972602739726,-0.002015087128774814,1432.4809136018225,6.55
128,SPX,1432.56,SPX121020C01420000,,call,2012-10-20,2012-10-10,1420.0,20.0,18.7,20.2,50,7590,0.1391,0.6498,0.0116,-213.3387,84.7887,0.9912324789188586,0.0273972602739726,-0.007739752759209175,1432.25626069212,19.45
129,SPX,1432.56,SPX121020P01420000,,put,2012-10-20,2012-10-10,1420.0,8.0,7.1,8.6,5664,17302,0.1421,-0.3525,0.0114,-245.5934,85.0374,0.9912324789188586,0.0273972602739726,-0.00651101653924206,1432.3044769870837,7.85
130,SPX,1432.56,SPX121020C01425000,,call,2012-10-20,2012-10-10,1425.0,16.5,15.5,17.4,90,31583,0.1398,0.5893,0.0121,-227.6795,89.0208,0.9947227341263194,0.0273972602739726,-0.012237201933256002,1432.0797921195363,16.45
131,SPX,1432.56,SPX121020P01425000,,put,2012-10-20,2012-10-10,1425.0,9.6,8.8,10.3,5022,39156,0.1393,-0.4098,0.0122,-253.2602,89.006,0.9947227341263194,0.0273972602739726,-0.01090125421816645,1432.132209071291,9.55
132,SPX,1432.56,SPX121020C01430000,,call,2012-10-20,2012-10-10,1430.0,13.0,12.4,14.3,343,4786,0.1357,0.5282,0.0128,-227.7037,91.1052,0.9982129893337801,0.0273972602739726,-0.01649155289591403,1431.9128821198526,13.350000000000001
133,SPX,1432.56,SPX121020P01430000,,put,2012-10-20,2012-10-10,1430.0,11.14,10.5,12.0,5493,16245,0.1333,-0.4709,0.013,-249.8865,91.0993,0.9982129893337801,0.0273972602739726,-0.015373036376867575,1431.9567627432214,11.25
134,SPX,1432.56,SPX121020C01435000,,call,2012-10-20,2012-10-10,1435.0,10.05,9.9,11.4,225,7255,0.1329,0.4632,0.013,-224.056,90.955,1.0017032445412408,0.0273972602739726,-0.0208853535507428,1431.7405215419758,10.65
135,SPX,1432.56,SPX121020P01435000,,put,2012-10-20,2012-10-10,1435.0,13.9,12.6,14.6,2362,8872,0.131,-0.5369,0.0132,-247.1252,90.9413,1.0017032445412408,0.0273972602739726,-0.01977351929577762,1431.7841347584492,13.6
136,SPX,1432.56,SPX121020C01440000,,call,2012-10-20,2012-10-10,1440.0,8.0,7.5,8.9,3058,21688,0.1296,0.3963,0.013,-213.1057,88.2471,1.0051934997487018,0.0273972602739726,-0.025199787211119536,1431.5712945712196,8.2
137,SPX,1432.56,SPX121020P01440000,,put,2012-10-20,2012-10-10,1440.0,16.3,16.2,17.2,1767,23327,0.1334,-0.6,0.0126,-246.5091,88.4314,1.0051934997487018,0.0273972602739726,-0.02400794160465094,1431.6180408675157,16.7
138,SPX,1432.56,SPX121020C01445000,,call,2012-10-20,2012-10-10,1445.0,5.95,5.5,6.9,270,4967,0.1263,0.3293,0.0125,-195.8873,82.8592,1.0086837549561625,0.0273972602739726,-0.02953584186885042,1431.4012397030333,6.2
139,SPX,1432.56,SPX121020P01445000,,put,2012-10-20,2012-10-10,1445.0,17.99,18.4,20.2,80,5606,0.1261,-0.6704,0.0125,-221.9371,82.8324,1.0086837549561625,0.0273972602739726,-0.028345196986184134,1431.447933356697,19.299999999999997
140,SPX,1432.56,SPX121020C01450000,,call,2012-10-20,2012-10-10,1450.0,4.55,4.2,4.9,4922,72283,0.1239,0.2659,0.0116,-174.997,75.1467,1.0121740101636232,0.0273972602739726,-0.03404279608430705,1431.2245037695343,4.550000000000001
141,SPX,1432.56,SPX121020P01450000,,put,2012-10-20,2012-10-10,1450.0,0.0,22.4,24.1,4212,69950,0.1314,-0.7213,0.0111,-216.467,76.8432,1.0121740101636232,0.0273972602739726,-0.03272616515044254,1431.276131946038,23.25
142,SPX,1432.56,SPX121020C01455000,,call,2012-10-20,2012-10-10,1455.0,3.05,2.7,3.8,1256,10892,0.1217,0.2079,0.0103,-150.6368,65.6207,1.015664265371084,0.0273972602739726,-0.03838877628598604,1431.0541009457932,3.25
143,SPX,1432.56,SPX121020P01455000,,put,2012-10-20,2012-10-10,1455.0,27.5,24.9,27.7,322,11184,0.1194,-0.7961,0.0103,-172.2022,64.7621,1.015664265371084,0.0273972602739726,-0.036933622201211914,1431.1111542534898,26.299999999999997
144,SPX,1432.56,SPX121020C01460000,,call,2012-10-20,2012-10-10,1460.0,2.34,2.0,2.7,4155,35683,0.1219,0.1615,0.0088,-129.3653,56.0719,1.0191545205785448,0.0273972602739726,-0.04275504874725291,1430.8829229074613,2.35
145,SPX,1432.56,SPX121020P01460000,,put,2012-10-20,2012-10-10,1460.0,0.0,29.7,32.1,75,12012,0.1278,-0.8263,0.0087,-168.3394,58.6457,1.0191545205785448,0.0273972602739726,-0.04114363927238683,1430.9460952142354,30.9
146,SPX,1432.56,SPX121020C01465000,,call,2012-10-20,2012-10-10,1465.0,0.0,1.4,1.8,1919,29636,0.1209,0.1203,0.0072,-105.3272,45.9048,1.0226447757860055,0.0273972602739726,-0.04713306879758306,1430.7113048678711,1.6
147,SPX,1432.56,SPX121020P01465000,,put,2012-10-20,2012-10-10,1465.0,34.5,33.2,36.2,109,2404,0.1076,-0.9061,0.0068,-104.2754,38.2061,1.0226447757860055,0.0273972602739726,-0.04468828613027072,1430.8071376170185,34.7
148,SPX,1432.56,SPX121020C01470000,,call,2012-10-20,2012-10-10,1470.0,1.2,1.0,1.4,4302,22744,0.1231,0.0926,0.0059,-88.9594,37.9783,1.0261350309934663,0.0273972602739726,-0.05125365749558926,1430.5497969206717,1.2
149,SPX,1432.56,SPX121020P01470000,,put,2012-10-20,2012-10-10,1470.0,39.3,37.7,40.7,17,4152,0.1076,-0.935,0.0051,-85.3306,28.8453,1.0261350309934663,0.0273972602739726,-0.0483816997482404,1430.662362405926,39.2
150,SPX,1432.56,SPX121020C01475000,,call,2012-10-20,2012-10-10,1475.0,0.85,0.7,1.0,4882,45497,0.1238,0.0682,0.0046,-71.1915,30.157,1.029625286200927,0.0273972602739726,-0.055979737003728464,1430.3645789920738,0.85
151,SPX,1432.56,SPX121020P01475000,,put,2012-10-20,2012-10-10,1475.0,44.25,42.4,45.4,8,14477,0.1076,-0.9564,0.0037,-69.2998,20.9648,1.029625286200927,0.0273972602739726,-0.0520214134069006,1430.5197064682907,43.9
152,SPX,1432.56,SPX121020C01480000,,call,2012-10-20,2012-10-10,1480.0,0.0,0.5,0.8,1251,20915,0.1271,0.053,0.0037,-60.0992,24.7482,1.033115541408388,0.0273972602739726,-0.060167690950709264,1430.2004705718439,0.65
153,SPX,1432.56,SPX121020P01480000,,put,2012-10-20,2012-10-10,1480.0,48.5,47.2,50.2,10,262,0.1076,-0.9715,0.0026,-56.4504,14.6739,1.033115541408388,0.0273972602739726,-0.05393534691567366,1430.4446969390053,48.7
154,SPX,1432.56,SPX121020C01485000,,call,2012-10-20,2012-10-10,1485.0,0.0,0.4,0.5,1055,22386,0.1287,0.0392,0.0029,-47.84,19.4236,1.0366057966158486,0.0273972602739726,-0.06455736819520391,1430.0284776689261,0.45
155,SPX,1432.56,SPX121020C01490000,,call,2012-10-20,2012-10-10,1490.0,0.0,0.2,0.4,3951,27394,0.1277,0.0263,0.0021,-34.1671,13.9626,1.0400960518233093,0.0273972602739726,-0.06854541625900465,1429.8722390181797,0.30000000000000004
156,SPX,1432.56,SPX121020C01495000,,call,2012-10-20,2012-10-10,1495.0,0.0,0.2,0.4,360,8504,0.1367,0.0248,0.0019,-34.9377,13.3173,1.04358630703077,0.0273972602739726,-0.07366163007511917,1429.6718275272606,0.30000000000000004
157,SPX,1432.56,SPX121020C01500000,,call,2012-10-20,2012-10-10,1500.0,0.2,0.15,0.25,4740,58532,0.1374,0.0177,0.0014,-26.3453,9.9804,1.047076562238231,0.0273972602739726,-0.07670080266417441,1429.5527908549163,0.2
158,SPX,1432.56,SPX121020P01500000,,put,2012-10-20,2012-10-10,1500.0,68.65,66.8,69.8,6,13907,0.1076,-0.9959,0.0004,-31.28,2.4349,1.047076562238231,0.0273972602739726,-0.04531255509628235,1430.782666360744,68.3
159,SPX,1432.56,SPX121020C01505000,,call,2012-10-20,2012-10-10,1505.0,0.0,0.1,0.2,316,8879,0.1395,0.0132,0.0011,-20.7806,7.7462,1.0505668174456917,0.0273972602739726,-0.08042313234139267,1429.4070101576006,0.15000000000000002
160,SPX,1432.56,SPX121020C01510000,,call,2012-10-20,2012-10-10,1510.0,0.22,0.1,0.25,751,15665,0.1395,0.0089,0.0008,-14.7834,5.5061,1.0540570726531524,0.0273972602739726,-0.0853387899814383,1429.2145169421424,0.175
161,SPX,1432.56,SPX121020C01515000,,call,2012-10-20,2012-10-10,1515.0,0.1,0.1,0.15,279,19310,0.1395,0.0059,0.0005,-10.299,3.833,1.0575473278606131,0.0273972602739726,-0.08967812441456467,1429.0446136236567,0.125
162,SPX,1432.56,SPX121020C01520000,,call,2012-10-20,2012-10-10,1520.0,0.0,0.0,0.2,180,12744,0.1395,0.0038,0.0004,-7.0277,2.6137,1.061037583068074,0.0273972602739726,-0.09690573632166066,1428.7616668478565,0.1
163,SPX,1432.56,SPX121020C01525000,,call,2012-10-20,2012-10-10,1525.0,0.1,0.0,0.1,3100,37618,0.1395,0.0025,0.0002,-4.6982,1.7462,1.0645278382755348,0.0273972602739726,-0.09308249782026873,1428.9113321276384,0.05
164,SPX,1432.56,SPX121020C01530000,,call,2012-10-20,2012-10-10,1530.0,0.0,0.0,0.1,23,15367,0.1395,0.0015,0.0002,-3.0777,1.1432,1.0680180934829955,0.0273972602739726,-0.10904637400041355,1428.2865108692727,0.05
165,SPX,1432.56,SPX121020P01530000,,put,2012-10-20,2012-10-10,1530.0,98.05,96.7,99.7,1,2,0.1076,-0.9994,0.0,-26.2694,0.0566,1.0680180934829955,0.0273972602739726,0.2905900971476749,1444.0106648462545,98.2
166,SPX,1432.56,SPX121020C01535000,,call,2012-10-20,2012-10-10,1535.0,0.07,0.05,0.1,43,5684,0.1395,0.0009,0.0001,-1.976,0.7336,1.0715083486904562,0.0273972602739726,-0.11945590088835781,1427.8792323227156,0.07500000000000001
167,SPX,1432.56,SPX121020C01540000,,call,2012-10-20,2012-10-10,1540.0,0.05,0.0,0.1,410,10705,0.1395,0.0006,0.0001,-1.2437,0.4615,1.0749986038979171,0.0273972602739726,-0.09977711167844357,1428.6492737060114,0.05
168,SPX,1432.56,SPX121020C01545000,,call,2012-10-20,2012-10-10,1545.0,0.05,0.0,0.05,202,6273,0.1395,0.0003,0.0,-0.7676,0.2847,1.0784888591053778,0.0273972602739726,-0.14389758521142038,1426.9233942131941,0.025
169,SPX,1432.56,SPX121020C01550000,,call,2012-10-20,2012-10-10,1550.0,0.05,0.0,0.05,1114,17812,0.1395,0.0002,0.0,-0.4646,0.1722,1.0819791143128386,0.0273972602739726,-0.1173825223641482,1427.960345150756,0.025
170,SPX,1432.56,SPX121020C01560000,,call,2012-10-20,2012-10-10,1560.0,0.05,0.0,0.05,1,2172,0.1395,0.0001,0.0,-0.1606,0.0595,1.0889596247277602,0.0273972602739726,-0.033458143529247045,1431.2474291329497,0.025
171,SPX,1432.56,SPX121020C01580000,,call,2012-10-20,2012-10-10,1580.0,0.03,0.0,0.05,1,1814,0.1395,0.0,0.0,-0.0153,0.0057,1.1029206455576033,0.0273972602739726,-inf,0.0,0.025
172,SPX,1432.56,SPXW121026P01125000,,put,2012-10-26,2012-10-10,1125.0,0.1,0.05,0.1,290,193,0.4141,-0.002,0.0001,-9.1384,1.844,0.7853074216786732,0.043835616438356165,0.09348535855760116,1438.4426594504982,0.07500000000000001
173,SPX,1432.56,SPXW121026P01150000,,put,2012-10-26,2012-10-10,1150.0,0.1,0.1,0.15,60,81,0.4002,-0.0034,0.0001,-14.2434,2.9724,0.8027586977159771,0.043835616438356165,0.08130285308823612,1437.6746963910928,0.125
174,SPX,1432.56,SPXW121026C01175000,,call,2012-10-26,2012-10-10,1175.0,259.0,255.7,258.4,6,8,0.2247,0.9991,0.0,26.2006,0.0108,0.8202099737532809,0.043835616438356165,-1.1966232431095085,1359.3522996401618,257.04999999999995
175,SPX,1432.56,SPXW121026P01200000,,put,2012-10-26,2012-10-10,1200.0,0.25,0.2,0.25,50,5311,0.352,-0.0065,0.0002,-22.7496,5.3905,0.8376612497905848,0.043835616438356165,0.07281402863439636,1437.139818682069,0.225
176,SPX,1432.56,SPXW121026P01225000,,put,2012-10-26,2012-10-10,1225.0,0.35,0.25,0.4,2336,1938,0.3292,-0.0096,0.0003,-29.7462,7.53,0.8551125258278885,0.043835616438356165,0.05697962859590276,1436.1426306952114,0.325
177,SPX,1432.56,SPXW121026P01240000,,put,2012-10-26,2012-10-10,1240.0,0.4,0.35,0.45,25,10,0.3157,-0.0122,0.0003,-35.1595,9.2753,0.8655832914502709,0.043835616438356165,0.05099284660102297,1435.7657870895598,0.4
178,SPX,1432.56,SPXW121026C01270000,,call,2012-10-26,2012-10-10,1270.0,164.4,161.0,163.9,8,17,0.2247,0.9948,0.0002,15.7468,3.761,0.8865248226950355,0.043835616438356165,-0.02307297791893877,1431.111815212561,162.45
179,SPX,1432.56,SPXW121026P01280000,,put,2012-10-26,2012-10-10,1280.0,0.6,0.6,0.7,3,24,0.2733,-0.0214,0.0006,-49.5449,15.0645,0.8935053331099571,0.043835616438356165,0.038083366590851285,1434.9535242385919,0.6499999999999999
180,SPX,1432.56,SPXW121026P01315000,,put,2012-10-26,2012-10-10,1315.0,1.05,1.0,1.15,10,0,0.2366,-0.0379,0.0012,-69.2116,24.2364,0.9179371195621824,0.043835616438356165,0.025183554139967982,1434.1423286787008,1.075
181,SPX,1432.56,SPXW121026P01320000,,put,2012-10-26,2012-10-10,1320.0,1.15,1.15,1.3,12,158,0.2337,-0.043,0.0013,-75.6603,26.8099,0.9214273747696432,0.043835616438356165,0.02231724508586149,1433.9621451431253,1.225
182,SPX,1432.56,SPXW121026P01325000,,put,2012-10-26,2012-10-10,1325.0,1.35,1.25,1.4,15,211,0.2283,-0.0469,0.0015,-79.3235,28.7557,0.9249176299771039,0.043835616438356165,0.020604184531477436,1433.8544685729148,1.325
183,SPX,1432.56,SPXW121026P01330000,,put,2012-10-26,2012-10-10,1330.0,1.4,1.35,1.5,903,259,0.2227,-0.0511,0.0016,-82.938,30.8022,0.9284078851845647,0.043835616438356165,0.01893002328044034,1433.7492448793644,1.425
184,SPX,1432.56,SPXW121026P01335000,,put,2012-10-26,2012-10-10,1335.0,1.45,1.45,1.6,2,130,0.2167,-0.0555,0.0018,-86.2137,32.882,0.9318981403920255,0.043835616438356165,0.017028225843478947,1433.6297232581207,1.525
185,SPX,1432.56,SPXW121026P01340000,,put,2012-10-26,2012-10-10,1340.0,1.75,1.65,1.8,76,206,0.2131,-0.0625,0.002,-93.1013,36.0835,0.9353883955994863,0.043835616438356165,0.015023508615715185,1433.5037442586045,1.725
186,SPX,1432.56,SPXW121026C01350000,,call,2012-10-26,2012-10-10,1350.0,85.0,82.5,85.4,1,11,0.2071,0.9187,0.0025,-84.3395,43.7968,0.9423689060144078,0.043835616438356165,0.005683433271730733,1432.9169478781528,83.95
187,SPX,1432.56,SPXW121026P01350000,,put,2012-10-26,2012-10-10,1350.0,2.13,2.0,2.15,17,334,0.2029,-0.0763,0.0024,-103.5637,42.085,0.9423689060144078,0.043835616438356165,0.011508799826126622,1433.282902171938,2.075
188,SPX,1432.56,SPXW121026P01355000,,put,2012-10-26,2012-10-10,1355.0,2.35,2.25,2.4,18,44,0.1987,-0.0855,0.0027,-110.6255,45.8622,0.9458591612218685,0.043835616438356165,0.00971185509449913,1433.1700066661774,2.325
189,SPX,1432.56,SPXW121026P01360000,,put,2012-10-26,2012-10-10,1360.0,2.55,2.5,2.7,15,2575,0.1943,-0.0956,0.003,-117.7141,49.8546,0.9493494164293294,0.043835616438356165,0.008329756043042591,1433.0831804566444,2.6
190,SPX,1432.56,SPXW121026P01370000,,put,2012-10-26,2012-10-10,1370.0,3.52,3.2,3.4,8,1484,0.1859,-0.1206,0.0037,-133.4447,58.931,0.9563299268442509,0.043835616438356165,0.004706230502720926,1432.8555683529407,3.3
191,SPX,1432.56,SPXW121026P01375000,,put,2012-10-26,2012-10-10,1375.0,3.85,3.6,3.8,9,2077,0.1814,-0.1352,0.0041,-141.1711,63.8003,0.9598201820517117,0.043835616438356165,0.0029291757021784014,1432.7439556978597,3.7
192,SPX,1432.56,SPXW121026P01380000,,put,2012-10-26,2012-10-10,1380.0,4.52,4.1,4.3,13,2652,0.1775,-0.1525,0.0045,-150.051,69.1982,0.9633104372591724,0.043835616438356165,0.0011563661617809765,1432.6326183406056,4.199999999999999
193,SPX,1432.56,SPXW121026P01385000,,put,2012-10-26,2012-10-10,1385.0,4.5,4.7,4.9,30,656,0.1739,-0.1724,0.005,-159.4793,74.9428,0.9668006924666332,0.043835616438356165,-0.0006603149327160818,1432.5185347037864,4.800000000000001
194,SPX,1432.56,SPXW121026P01390000,,put,2012-10-26,2012-10-10,1390.0,5.1,5.3,5.5,26,2838,0.1692,-0.1932,0.0055,-166.9476,80.4714,0.970290947674094,0.043835616438356165,-0.0023410636216728096,1432.4129954180655,5.4
195,SPX,1432.56,SPXW121026P01395000,,put,2012-10-26,2012-10-10,1395.0,5.85,6.1,6.3,125,192,0.1659,-0.2185,0.0061,-176.4821,86.576,0.9737812028815548,0.043835616438356165,-0.003966909068816761,1432.3109110713538,6.199999999999999
196,SPX,1432.56,SPXW121026P01400000,,put,2012-10-26,2012-10-10,1400.0,7.2,6.9,7.2,615,367,0.1619,-0.2458,0.0066,-184.3373,92.4333,0.9772714580890155,0.043835616438356165,-0.005752210813387334,1432.1988230883812,7.050000000000001
197,SPX,1432.56,SPXW121026P01405000,,put,2012-10-26,2012-10-10,1405.0,8.05,7.8,8.2,84,73,0.1576,-0.2759,0.0072,-190.9549,98.0782,0.9807617132964763,0.043835616438356165,-0.007641979340032329,1432.080185843022,8.0
198,SPX,1432.56,SPXW121026P01410000,,put,2012-10-26,2012-10-10,1410.0,9.1,9.0,9.4,36,337,0.1544,-0.3104,0.0078,-198.2352,103.5968,0.984251968503937,0.043835616438356165,-0.009200538782852846,1431.9823488741108,9.2
199,SPX,1432.56,SPXW121026C01415000,,call,2012-10-26,2012-10-10,1415.0,28.2,26.8,27.9,29,2,0.1545,0.6481,0.0082,-183.5289,108.8075,0.9877422237113979,0.043835616438356165,-0.012735799280688442,1431.7604513009128,27.35
200,SPX,1432.56,SPXW121026P01415000,,put,2012-10-26,2012-10-10,1415.0,10.5,10.4,10.7,137,173,0.1511,-0.3481,0.0083,-203.8951,108.477,0.9877422237113979,0.043835616438356165,-0.010986354126732758,1431.8702543663,10.55
201,SPX,1432.56,SPXW121026P01420000,,put,2012-10-26,2012-10-10,1420.0,12.0,11.9,12.3,324,564,0.1479,-0.389,0.0088,-207.8802,112.5006,0.9912324789188586,0.043835616438356165,-0.012673671558719037,1431.7643505726442,12.100000000000001
202,SPX,1432.56,SPXW121026C01425000,,call,2012-10-26,2012-10-10,1425.0,21.3,20.3,21.0,15,193,0.1475,0.5652,0.0091,-188.2389,115.4419,0.9947227341263194,0.043835616438356165,-0.015929844894073057,1431.5600003176082,20.65
203,SPX,1432.56,SPXW121026P01425000,,put,2012-10-26,2012-10-10,1425.0,13.7,13.6,14.0,67,1995,0.1443,-0.4327,0.0093,-209.1173,115.3839,0.9947227341263194,0.043835616438356165,-0.014293280051488163,1431.6627038707516,13.8
204,SPX,1432.56,SPXW121026C01430000,,call,2012-10-26,2012-10-10,1430.0,17.61,17.3,18.0,91,184,0.1444,0.5195,0.0094,-187.6348,116.8871,0.9982129893337801,0.043835616438356165,-0.01750338604975899,1431.4612587991637,17.65
205,SPX,1432.56,SPXW121026P01430000,,put,2012-10-26,2012-10-10,1430.0,15.65,15.5,15.9,501,137,0.1405,-0.4794,0.0096,-207.5861,116.8837,0.9982129893337801,0.043835616438356165,-0.016006030135699217,1431.555219449119,15.7
206,SPX,1432.56,SPXW121026C01435000,,call,2012-10-26,2012-10-10,1435.0,14.8,14.7,15.1,252,423,0.1417,0.4718,0.0096,-184.8677,116.7496,1.0017032445412408,0.043835616438356165,-0.01909760001541195,1431.3612269835764,14.899999999999999
207,SPX,1432.56,SPXW121026P01435000,,put,2012-10-26,2012-10-10,1435.0,17.9,17.6,18.2,43,583,0.1373,-0.5286,0.0099,-204.1148,116.7233,1.0017032445412408,0.043835616438356165,-0.01765622983575292,1431.4516680386002,17.9
208,SPX,1432.56,SPXW121026C01440000,,call,2012-10-26,2012-10-10,1440.0,12.55,12.1,12.4,90,406,0.1379,0.4221,0.0097,-177.688,114.8184,1.0051934997487018,0.043835616438356165,-0.02077747073992401,1431.255828044748,12.25
209,SPX,1432.56,SPXW121026P01440000,,put,2012-10-26,2012-10-10,1440.0,20.5,20.0,20.6,73,830,0.1336,-0.5798,0.01,-196.9776,114.6542,1.0051934997487018,0.043835616438356165,-0.01925735300529331,1431.3512033809482,20.3
210,SPX,1432.56,SPXW121026C01445000,,call,2012-10-26,2012-10-10,1445.0,9.6,9.9,10.2,30,145,0.136,0.373,0.0095,-170.3046,111.0862,1.0086837549561625,0.043835616438356165,-0.022412230230964704,1431.1532669393612,10.05
211,SPX,1432.56,SPXW121026P01445000,,put,2012-10-26,2012-10-10,1445.0,22.1,21.9,24.1,32,122,0.1302,-0.632,0.0098,-187.2391,110.5144,1.0086837549561625,0.043835616438356165,-0.0208986055776186,1431.2482280674496,23.0
212,SPX,1432.56,SPXW121026C01450000,,call,2012-10-26,2012-10-10,1450.0,8.15,7.9,8.2,112,1053,0.1323,0.3224,0.0092,-157.5568,105.2764,1.0121740101636232,0.043835616438356165,-0.024012205701399704,1431.052895221029,8.05
213,SPX,1432.56,SPXW121026P01450000,,put,2012-10-26,2012-10-10,1450.0,22.35,24.8,27.2,13,421,0.1269,-0.6841,0.0095,-174.7591,104.2554,1.0121740101636232,0.043835616438356165,-0.02245162378639353,1431.1507955676627,26.0
214,SPX,1432.56,SPXW121026C01455000,,call,2012-10-26,2012-10-10,1455.0,6.5,6.1,6.4,109,665,0.1288,0.2728,0.0088,-142.5671,97.5322,1.015664265371084,0.043835616438356165,-0.025517789595903763,1430.9584514251314,6.25
215,SPX,1432.56,SPXW121026C01460000,,call,2012-10-26,2012-10-10,1460.0,4.9,4.7,5.0,112,291,0.1268,0.2277,0.0081,-127.951,88.6247,1.0191545205785448,0.043835616438356165,-0.02727521041680463,1430.8482180306369,4.85
216,SPX,1432.56,SPXW121026C01465000,,call,2012-10-26,2012-10-10,1465.0,3.75,3.6,3.9,49,598,0.1257,0.1879,0.0073,-113.5547,79.0987,1.0226447757860055,0.043835616438356165,-0.028806335558154397,1430.7521858482537,3.75
217,SPX,1432.56,SPXW121026P01465000,,put,2012-10-26,2012-10-10,1465.0,36.6,35.5,38.1,5,34,0.1186,-0.8256,0.0074,-127.092,75.2622,1.0226447757860055,0.043835616438356165,-0.026940854478871283,1430.8691896954685,36.8
218,SPX,1432.56,SPXW121026C01470000,,call,2012-10-26,2012-10-10,1470.0,2.95,2.7,2.85,10,1037,0.1237,0.1504,0.0064,-97.0996,68.5519,1.0261350309934663,0.043835616438356165,-0.03043745856759517,1430.6498888891003,2.7750000000000004
219,SPX,1432.56,SPXW121026C01475000,,call,2012-10-26,2012-10-10,1475.0,2.25,2.05,2.15,104,2587,0.1235,0.1209,0.0055,-83.6741,59.018,1.029625286200927,0.043835616438356165,-0.032054577067476046,1430.5484774522104,2.0999999999999996
220,SPX,1432.56,SPXW121026P01475000,,put,2012-10-26,2012-10-10,1475.0,37.8,43.8,46.6,12,52,0.1089,-0.9075,0.0051,-85.5279,48.3141,1.029625286200927,0.043835616438356165,-0.029364699844608995,1430.7171668390868,45.2
221,SPX,1432.56,SPXW121026C01480000,,call,2012-10-26,2012-10-10,1480.0,1.7,1.45,1.65,159,992,0.1225,0.0942,0.0047,-69.5056,49.3167,1.033115541408388,0.043835616438356165,-0.03387837081203362,1430.4341137886397,1.5499999999999998
222,SPX,1432.56,SPXW121026C01485000,,call,2012-10-26,2012-10-10,1485.0,1.09,1.05,1.15,70,891,0.1208,0.0708,0.0038,-55.3371,39.7404,1.0366057966158486,0.043835616438356165,-0.03521244791441449,1430.350464315776,1.1
223,SPX,1432.56,SPXW121026C01490000,,call,2012-10-26,2012-10-10,1490.0,0.85,0.8,0.95,72,193,0.123,0.0574,0.0032,-47.9984,33.785,1.0400960518233093,0.043835616438356165,-0.03717643530419635,1430.227327029064,0.875
224,SPX,1432.56,SPXW121026C01495000,,call,2012-10-26,2012-10-10,1495.0,0.64,0.55,0.7,18,143,0.1228,0.0434,0.0026,-38.3992,27.0281,1.04358630703077,0.043835616438356165,-0.038721359251658365,1430.1304714617324,0.625
225,SPX,1432.56,SPXW121026C01500000,,call,2012-10-26,2012-10-10,1500.0,0.45,0.4,0.5,174,250,0.1229,0.0326,0.002,-30.4849,21.408,1.047076562238231,0.043835616438356165,-0.04049098860193661,1430.0195365489033,0.45
226,SPX,1432.56,SPXW121026C01505000,,call,2012-10-26,2012-10-10,1505.0,0.4,0.3,0.45,5,85,0.1256,0.0266,0.0017,-26.3707,18.0938,1.0505668174456917,0.043835616438356165,-0.042326194979377806,1429.904499818433,0.375
227,SPX,1432.56,SPXW121026C01510000,,call,2012-10-26,2012-10-10,1510.0,0.25,0.2,0.35,95,596,0.1262,0.0201,0.0013,-20.9345,14.2779,1.0540570726531524,0.043835616438356165,-0.0436420451297561,1429.8220237291177,0.275
228,SPX,1432.56,SPXW121026P01515000,,put,2012-10-26,2012-10-10,1515.0,81.4,81.9,84.6,16,0,0.1089,-0.9934,0.0005,-31.1568,4.7803,1.0575473278606131,0.043835616438356165,-0.018575359594418153,1431.3939951258742,83.25
229,SPX,1432.56,SPXW121026C01520000,,call,2012-10-26,2012-10-10,1520.0,0.29,0.1,0.25,4,450,0.13,0.0126,0.0009,-14.4725,9.5606,1.061037583068074,0.043835616438356165,-0.04667216666503334,1429.632117020991,0.175
230,SPX,1432.56,SPXW121026C01530000,,call,2012-10-26,2012-10-10,1530.0,0.15,0.1,0.15,173,135,0.137,0.0092,0.0006,-11.6596,7.2945,1.0680180934829955,0.043835616438356165,-0.05081391697564081,1429.3725820386824,0.125
231,SPX,1432.56,SPXW121026C01540000,,call,2012-10-26,2012-10-10,1540.0,0.1,0.05,0.15,105,847,0.1433,0.0067,0.0004,-9.21,5.4998,1.0749986038979171,0.043835616438356165,-0.05306242924188174,1429.231702985663,0.1
232,SPX,1432.56,SPXW121026C01560000,,call,2012-10-26,2012-10-10,1560.0,0.05,0.05,0.1,5,196,0.1506,0.0028,0.0002,-4.458,2.5268,1.0889596247277602,0.043835616438356165,-0.059898376042654244,1428.8034865174113,0.07500000000000001
233,SPX,1432.56,SPXW121102P01125000,,put,2012-11-02,2012-10-10,1125.0,0.15,0.15,0.2,135,339,0.3746,-0.0041,0.0001,-13.2643,4.2987,0.7853074216786732,0.06301369863013699,0.039653632240761835,1436.1440451350913,0.175
234,SPX,1432.56,SPXW121102P01200000,,put,2012-11-02,2012-10-10,1200.0,0.4,0.35,0.5,72,688,0.315,-0.0108,0.0003,-26.1873,10.066,0.8376612497905848,0.06301369863013699,0.02204076824392677,1434.5510223925603,0.425
235,SPX,1432.56,SPXW121102P01300000,,put,2012-11-02,2012-10-10,1300.0,1.4,1.2,1.5,1201,235,0.2263,-0.0406,0.0011,-58.2156,30.9156,0.9074663539398001,0.06301369863013699,0.005487968644505691,1433.0554895607333,1.35
236,SPX,1432.56,SPXW121102P01310000,,put,2012-11-02,2012-10-10,1310.0,1.65,1.45,1.7,201,200,0.2182,-0.048,0.0013,-64.3333,35.3873,0.9144468643547217,0.06301369863013699,0.003781756458354466,1432.901423254003,1.575
237,SPX,1432.56,SPXW121102P01315000,,put,2012-11-02,2012-10-10,1315.0,1.8,1.6,1.85,161,2,0.2146,-0.0527,0.0014,-68.1414,38.0844,0.9179371195621824,0.06301369863013699,0.002380963493752289,1432.7749478514993,1.725
238,SPX,1432.56,SPXW121102P01320000,,put,2012-11-02,2012-10-10,1320.0,1.95,1.7,2.0,121,208,0.21,-0.057,0.0015,-70.999,40.5194,0.9214273747696432,0.06301369863013699,0.0014922515547944049,1432.6947132306077,1.85
239,SPX,1432.56,SPXW121102P01340000,,put,2012-11-02,2012-10-10,1340.0,2.7,2.5,2.85,8,34,0.1952,-0.083,0.0022,-88.4869,54.1356,0.9353883955994863,0.06301369863013699,-0.0019098545185431033,1432.3876060796467,2.675
240,SPX,1432.56,SPXW121102P01345000,,put,2012-11-02,2012-10-10,1345.0,2.8,2.8,3.2,5,958,0.1925,-0.0924,0.0024,-94.6812,58.6779,0.938878650806947,0.06301369863013699,-0.0024647467610363176,1432.337522358741,3.0
241,SPX,1432.56,SPXW121102P01355000,,put,2012-11-02,2012-10-10,1355.0,3.65,3.4,3.8,7,0,0.1845,-0.1114,0.0029,-104.2123,67.2201,0.9458591612218685,0.06301369863013699,-0.004312361767190671,1432.1707720908034,3.5999999999999996
242,SPX,1432.56,SPXW121102P01360000,,put,2012-11-02,2012-10-10,1360.0,3.7,3.8,4.2,12,1140,0.1812,-0.1234,0.0032,-110.1634,72.2556,0.9493494164293294,0.06301369863013699,-0.005287051134240231,1432.082812607528,4.0
243,SPX,1432.56,SPXW121102P01370000,,put,2012-11-02,2012-10-10,1370.0,4.9,4.8,5.1,1,1428,0.1745,-0.1512,0.0038,-122.2762,83.0226,0.9563299268442509,0.06301369863013699,-0.006930459713934502,1431.934517724071,4.949999999999999
244,SPX,1432.56,SPXW121102P01375000,,put,2012-11-02,2012-10-10,1375.0,5.0,5.3,5.8,88,1375,0.1716,-0.168,0.0041,-129.038,88.9402,0.9598201820517117,0.06301369863013699,-0.007836105546207135,1431.852802282764,5.55
245,SPX,1432.56,SPXW121102P01390000,,put,2012-11-02,2012-10-10,1390.0,7.75,7.5,8.0,1,58,0.1621,-0.2279,0.0053,-147.5923,106.9957,0.970290947674094,0.06301369863013699,-0.010164268622899056,1431.6427560550978,7.75
246,SPX,1432.56,SPXW121102P01395000,,put,2012-11-02,2012-10-10,1395.0,7.45,8.4,8.9,1,52,0.1588,-0.2518,0.0057,-153.055,112.9567,0.9737812028815548,0.06301369863013699,-0.011131979338415855,1431.5554585282252,8.65
247,SPX,1432.56,SPXW121102C01400000,,call,2012-11-02,2012-10-10,1400.0,41.4,40.2,42.6,10,53,0.1621,0.7133,0.0059,-140.7777,120.2943,0.9772714580890155,0.06301369863013699,-0.014401209276443777,1431.260579502326,41.400000000000006
248,SPX,1432.56,SPXW121102P01400000,,put,2012-11-02,2012-10-10,1400.0,9.4,9.4,10.0,22,99,0.1559,-0.2783,0.0061,-158.5692,118.851,0.9772714580890155,0.06301369863013699,-0.011890183860863483,1431.4870643485908,9.7
249,SPX,1432.56,SPXW121102P01405000,,put,2012-11-02,2012-10-10,1405.0,10.7,10.5,11.1,265,35,0.1524,-0.3064,0.0065,-162.6661,124.2896,0.9807617132964763,0.06301369863013699,-0.012644378848558556,1431.419035092576,10.8
250,SPX,1432.56,SPXW121102C01410000,,call,2012-11-02,2012-10-10,1410.0,34.5,33.2,34.6,10,21,0.1563,0.6551,0.0066,-149.3336,130.2589,0.984251968503937,0.06301369863013699,-0.015603312610361138,1431.1521670834304,33.900000000000006
251,SPX,1432.56,SPXW121102P01410000,,put,2012-11-02,2012-10-10,1410.0,12.45,11.8,12.4,351,105,0.1494,-0.3375,0.0069,-166.6147,129.3658,0.984251968503937,0.06301369863013699,-0.013515627483593253,1431.3404514874073,12.100000000000001
252,SPX,1432.56,SPXW121102C01415000,,call,2012-11-02,2012-10-10,1415.0,30.45,29.9,30.7,20,116,0.1526,0.6233,0.007,-151.2565,134.2921,0.9877422237113979,0.06301369863013699,-0.016391381489236648,1431.0810990696011,30.299999999999997
253,SPX,1432.56,SPXW121102P01415000,,put,2012-11-02,2012-10-10,1415.0,12.42,13.3,13.9,97,963,0.1468,-0.3712,0.0073,-170.0704,133.8159,0.9877422237113979,0.06301369863013699,-0.014292038873291571,1431.2704255081733,13.600000000000001
254,SPX,1432.56,SPXW121102P01420000,,put,2012-11-02,2012-10-10,1420.0,15.3,14.9,15.5,14,1014,0.1438,-0.4068,0.0076,-171.8708,137.3606,0.9912324789188586,0.06301369863013699,-0.015020274060309473,1431.2047477434014,15.2
255,SPX,1432.56,SPXW121102C01425000,,call,2012-11-02,2012-10-10,1425.0,24.4,23.5,24.1,1,74,0.1468,0.5524,0.0076,-153.5122,139.9321,0.9947227341263194,0.06301369863013699,-0.017710462924914724,1430.9621522658588,23.8
256,SPX,1432.56,SPXW121102P01425000,,put,2012-11-02,2012-10-10,1425.0,16.9,16.7,17.3,49,1650,0.141,-0.4447,0.0079,-172.576,139.8557,0.9947227341263194,0.06301369863013699,-0.015798731438982565,1431.134543893741,17.0
257,SPX,1432.56,SPXW121102C01430000,,call,2012-11-02,2012-10-10,1430.0,20.65,20.5,21.0,22,42,0.1435,0.5141,0.0078,-152.0922,141.0874,0.9982129893337801,0.06301369863013699,-0.01847208440446847,1430.8934783390885,20.75
258,SPX,1432.56,SPXW121102P01430000,,put,2012-11-02,2012-10-10,1430.0,18.75,18.6,19.3,16,22,0.1377,-0.4846,0.0082,-171.2123,141.0869,0.9982129893337801,0.06301369863013699,-0.016684654920250928,1431.054652586651,18.950000000000003
259,SPX,1432.56,SPXW121102C01435000,,call,2012-11-02,2012-10-10,1435.0,18.5,17.6,18.2,60,1,0.1404,0.4741,0.008,-149.347,140.9007,1.0017032445412408,0.06301369863013699,-0.01918596074786907,1430.8291124906661,17.9
260,SPX,1432.56,SPXW121102P01435000,,put,2012-11-02,2012-10-10,1435.0,20.95,20.8,21.4,7,3,0.1346,-0.5263,0.0083,-168.4614,140.8619,1.0017032445412408,0.06301369863013699,-0.01742615060020651,1430.9877889997526,21.1
261,SPX,1432.56,SPXW121102C01440000,,call,2012-11-02,2012-10-10,1440.0,15.3,15.0,15.5,22,193,0.1374,0.4328,0.0081,-145.0693,139.2085,1.0051934997487018,0.06301369863013699,-0.019873948536021542,1430.767083594151,15.25
262,SPX,1432.56,SPXW121102P01440000,,put,2012-11-02,2012-10-10,1440.0,23.95,23.1,23.8,27,215,0.1313,-0.5696,0.0084,-163.7599,138.9842,1.0051934997487018,0.06301369863013699,-0.0181352933140577,1430.9238457298736,23.450000000000003
263,SPX,1432.56,SPXW121102C01445000,,call,2012-11-02,2012-10-10,1445.0,12.5,12.5,13.1,1077,0,0.1345,0.3906,0.008,-139.223,135.8923,1.0086837549561625,0.06301369863013699,-0.02065476085167376,1430.69668890711,12.8
264,SPX,1432.56,SPXW121102P01445000,,put,2012-11-02,2012-10-10,1445.0,26.6,25.7,26.5,4,2,0.1286,-0.6135,0.0084,-157.9976,135.3473,1.0086837549561625,0.06301369863013699,-0.01883064245401938,1430.8611489985121,26.1
265,SPX,1432.56,SPXW121102C01450000,,call,2012-11-02,2012-10-10,1450.0,10.4,10.4,10.9,16,4968,0.1311,0.3475,0.0079,-131.1104,130.7966,1.0121740101636232,0.06301369863013699,-0.021330218309410474,1430.6357953558754,10.65
266,SPX,1432.56,SPXW121102P01450000,,put,2012-11-02,2012-10-10,1450.0,30.0,28.4,29.3,34,6982,0.1249,-0.6589,0.0083,-149.3058,129.6997,1.0121740101636232,0.06301369863013699,-0.019502399887390713,1430.8005820417934,28.85
267,SPX,1432.56,SPXW121102C01455000,,call,2012-11-02,2012-10-10,1455.0,10.7,8.5,9.0,74,14,0.1286,0.3055,0.0077,-122.5236,124.1316,1.015664265371084,0.06301369863013699,-0.022189853922161912,1430.558301602693,8.75
268,SPX,1432.56,SPXW121102P01455000,,put,2012-11-02,2012-10-10,1455.0,29.8,31.1,33.3,9,123,0.1239,-0.7003,0.0079,-142.3431,122.8258,1.015664265371084,0.06301369863013699,-0.02027472881155224,1430.730950532067,32.2
269,SPX,1432.56,SPXW121102C01465000,,call,2012-11-02,2012-10-10,1465.0,6.3,5.5,6.0,48,67,0.1248,0.2276,0.0068,-103.1362,106.9173,1.0226447757860055,0.06301369863013699,-0.02370015983092631,1430.4221619026937,5.75
270,SPX,1432.56,SPXW121102P01465000,,put,2012-11-02,2012-10-10,1465.0,38.0,37.8,40.4,2,87,0.1181,-0.7841,0.007,-119.8847,103.3656,1.0226447757860055,0.06301369863013699,-0.02146352649521182,1430.623777719678,39.099999999999994
271,SPX,1432.56,SPXW121102C01470000,,call,2012-11-02,2012-10-10,1470.0,4.7,4.3,4.8,911,81,0.123,0.1922,0.0063,-92.298,96.7832,1.0261350309934663,0.06301369863013699,-0.024342485612412257,1430.3642662750342,4.55
272,SPX,1432.56,SPXW121102P01470000,,put,2012-11-02,2012-10-10,1470.0,37.22,41.5,44.2,1,51,0.1145,-0.8242,0.0063,-106.4198,91.1306,1.0261350309934663,0.06301369863013699,-0.022010749430045735,1430.574447026994,42.85
273,SPX,1432.56,SPXW121102C01475000,,call,2012-11-02,2012-10-10,1475.0,4.0,3.3,3.8,996,744,0.1214,0.1599,0.0057,-81.3221,86.1515,1.029625286200927,0.06301369863013699,-0.025193182019686775,1430.2875928997669,3.55
274,SPX,1432.56,SPXW121102C01480000,,call,2012-11-02,2012-10-10,1480.0,3.0,2.55,2.95,3,102,0.1203,0.1318,0.005,-70.9584,75.6558,1.033115541408388,0.06301369863013699,-0.02596815469898438,1430.217748091247,2.75
275,SPX,1432.56,SPXW121102C01485000,,call,2012-11-02,2012-10-10,1485.0,2.74,1.95,2.3,11,83,0.1193,0.1072,0.0044,-60.9551,65.3736,1.0366057966158486,0.06301369863013699,-0.026629266547234572,1430.158167744141,2.125
276,SPX,1432.56,SPXW121102C01490000,,call,2012-11-02,2012-10-10,1490.0,1.7,1.5,1.85,3,192,0.119,0.0871,0.0038,-52.3206,56.1232,1.0400960518233093,0.06301369863013699,-0.027361182734830722,1430.092209303488,1.675
277,SPX,1432.56,SPXW121102C01495000,,call,2012-11-02,2012-10-10,1495.0,1.3,1.15,1.4,18,597,0.1185,0.0696,0.0032,-44.03,47.3297,1.04358630703077,0.06301369863013699,-0.028052656438430475,1430.0298982319796,1.275
278,SPX,1432.56,SPXW121102C01500000,,call,2012-11-02,2012-10-10,1500.0,1.15,0.85,1.15,47,1001,0.119,0.0563,0.0027,-37.6012,40.1679,1.047076562238231,0.06301369863013699,-0.02919168140088378,1429.927262698119,1.0
279,SPX,1432.56,SPXW121102C01510000,,call,2012-11-02,2012-10-10,1510.0,0.65,0.5,0.75,18,175,0.1206,0.0369,0.0019,-27.2352,28.6062,1.0540570726531524,0.06301369863013699,-0.03073038950726439,1429.7886241168703,0.625
280,SPX,1432.56,SPXW121102C01515000,,call,2012-11-02,2012-10-10,1515.0,0.45,0.35,0.6,7,69,0.1209,0.0291,0.0016,-22.498,23.5362,1.0575473278606131,0.06301369863013699,-0.03165645544227907,1429.7051914652202,0.475
281,SPX,1432.56,SPXW121102C01520000,,call,2012-11-02,2012-10-10,1520.0,0.4,0.3,0.5,62,136,0.1228,0.0243,0.0013,-19.6566,20.2152,1.061037583068074,0.06301369863013699,-0.03204252863387228,1429.670410163738,0.4
282,SPX,1432.56,SPXW121102C01525000,,call,2012-11-02,2012-10-10,1525.0,0.36,0.25,0.4,2,169,0.1245,0.0201,0.0011,-17.0138,17.2351,1.0645278382755348,0.06301369863013699,-0.03297205034323086,1429.5866731018098,0.325
283,SPX,1432.56,SPXW121102C01530000,,call,2012-11-02,2012-10-10,1530.0,0.35,0.2,0.45,3,217,0.1294,0.019,0.001,-16.8734,16.4225,1.0680180934829955,0.06301369863013699,-0.0336388496617871,1429.5266067181292,0.325
284,SPX,1432.56,SPXW121102C01540000,,call,2012-11-02,2012-10-10,1540.0,0.25,0.1,0.35,4,17,0.1316,0.0126,0.0007,-12.0497,11.5072,1.0749986038979171,0.06301369863013699,-0.03442316509144452,1429.4559575192673,0.22499999999999998
285,SPX,1432.56,SPXW121102C01550000,,call,2012-11-02,2012-10-10,1550.0,0.1,0.05,0.25,3,32,0.1334,0.0081,0.0005,-8.3326,7.8358,1.0819791143128386,0.06301369863013699,-0.036240970411102746,1429.2922275247315,0.15
286,SPX,1432.56,SPXW121102C01600000,,call,2012-11-02,2012-10-10,1600.0,0.1,0.0,0.1,25,118,0.1538,0.0018,0.0001,-2.4844,2.0133,1.1168816663874463,0.06301369863013699,-0.04127460974568983,1428.8389447417935,0.05
287,SPX,1432.56,SPXW121109P01275000,,put,2012-11-09,2012-10-10,1275.0,1.55,1.45,1.9,2,2,0.2384,-0.0414,0.0009,-54.5787,35.9855,0.8900150779024962,0.0821917808219178,-0.0035655817579026625,1432.1402333087408,1.6749999999999998
288,SPX,1432.56,SPXW121109P01300000,,put,2012-11-09,2012-10-10,1300.0,2.35,2.2,2.65,10,17,0.222,-0.0607,0.0013,-69.1287,48.7732,0.9074663539398001,0.0821917808219178,-0.0065972525893969874,1431.7834193187527,2.425
289,SPX,1432.56,SPXW121109P01330000,,put,2012-11-09,2012-10-10,1330.0,3.5,3.7,4.2,12,220,0.2035,-0.0987,0.0021,-92.1802,70.5411,0.9284078851845647,0.0821917808219178,-0.009537887608660665,1431.437404768799,3.95
290,SPX,1432.56,SPXW121109P01340000,,put,2012-11-09,2012-10-10,1340.0,4.75,4.4,4.9,22,2,0.1971,-0.116,0.0024,-100.5887,79.2774,0.9353883955994863,0.0821917808219178,-0.010362574900582311,1431.340381626643,4.65
291,SPX,1432.56,SPXW121109P01350000,,put,2012-11-09,2012-10-10,1350.0,5.8,5.3,5.8,4312,5,0.1914,-0.1374,0.0028,-110.2007,89.1883,0.9423689060144078,0.0821917808219178,-0.011422956783213747,1431.2156390564883,5.55
292,SPX,1432.56,SPXW121109P01360000,,put,2012-11-09,2012-10-10,1360.0,6.3,6.3,6.9,7,46,0.1853,-0.1621,0.0033,-119.5303,99.5938,0.9493494164293294,0.0821917808219178,-0.012367923916067721,1431.104482956311,6.6
293,SPX,1432.56,SPXW121109P01370000,,put,2012-11-09,2012-10-10,1370.0,6.85,7.6,8.2,5,1,0.1795,-0.1916,0.0037,-129.1798,110.6855,0.9563299268442509,0.0821917808219178,-0.01340288763756273,1430.982750499355,7.8999999999999995
294,SPX,1432.56,SPXW121109P01380000,,put,2012-11-09,2012-10-10,1380.0,8.5,9.2,9.8,1,1072,0.1741,-0.2265,0.0043,-138.9159,122.1694,0.9633104372591724,0.0821917808219178,-0.014227740629696067,1430.8857386862526,9.5
295,SPX,1432.56,SPXW121109C01390000,,call,2012-11-09,2012-10-10,1390.0,52.0,50.5,52.9,10,0,0.1692,0.7305,0.0048,-119.0803,133.5483,0.970290947674094,0.0821917808219178,-0.018688297632480227,1430.3612419007868,51.7
296,SPX,1432.56,SPXW121109P01390000,,put,2012-11-09,2012-10-10,1390.0,10.2,10.9,11.8,4,614,0.168,-0.2662,0.0048,-146.9735,133.2108,0.970290947674094,0.0821917808219178,-0.015185263335456587,1430.773131699549,11.350000000000001
297,SPX,1432.56,SPXW121109C01410000,,call,2012-11-09,2012-10-10,1410.0,37.5,36.5,37.5,20,0,0.16,0.6306,0.0058,-133.5739,152.8058,0.984251968503937,0.0821917808219178,-0.019833948609091594,1430.2265610018421,37.0
298,SPX,1432.56,SPXW121109C01420000,,call,2012-11-09,2012-10-10,1420.0,30.9,29.8,30.8,20,0,0.1544,0.5725,0.0062,-135.8636,158.9449,0.9912324789188586,0.0821917808219178,-0.020643938495542788,1430.1313475370466,30.3
299,SPX,1432.56,SPXW121109P01420000,,put,2012-11-09,2012-10-10,1420.0,17.6,19.2,20.1,3,8,0.1515,-0.4245,0.0064,-162.0724,158.8639,0.9912324789188586,0.0821917808219178,-0.018005292769964827,1430.4415408957527,19.65
300,SPX,1432.56,SPXW121109P01425000,,put,2012-11-09,2012-10-10,1425.0,21.4,21.0,22.1,503,100,0.1491,-0.4563,0.0065,-162.3959,160.7749,0.9947227341263194,0.0821917808219178,-0.01840924377115876,1430.3940489477802,21.55
301,SPX,1432.56,SPXW121109C01430000,,call,2012-11-09,2012-10-10,1430.0,24.7,23.7,24.6,2,10,0.1487,0.5089,0.0066,-134.6177,161.6585,0.9982129893337801,0.0821917808219178,-0.021245142781697403,1430.0606806998032,24.15
302,SPX,1432.56,SPXW121109P01430000,,put,2012-11-09,2012-10-10,1430.0,23.9,23.1,24.0,47,401,0.1463,-0.4893,0.0067,-161.3589,161.6596,0.9982129893337801,0.0821917808219178,-0.01877475589577002,1430.3510775630234,23.55
303,SPX,1432.56,SPXW121109C01440000,,call,2012-11-09,2012-10-10,1440.0,18.6,18.3,19.1,15,210,0.1435,0.4406,0.0068,-129.8853,159.9635,1.0051934997487018,0.0821917808219178,-0.022076664311466765,1429.9629476358984,18.700000000000003
304,SPX,1432.56,SPXW121109P01440000,,put,2012-11-09,2012-10-10,1440.0,28.83,27.6,28.6,72,730,0.141,-0.5588,0.0069,-156.4836,159.8843,1.0051934997487018,0.0821917808219178,-0.01966991751776479,1430.2458434570563,28.1
305,SPX,1432.56,SPXW121109C01450000,,call,2012-11-09,2012-10-10,1450.0,15.0,13.7,14.5,2102,4930,0.1398,0.3712,0.0066,-122.4469,153.2966,1.0121740101636232,0.0821917808219178,-0.022822842298683504,1429.8752511299979,14.1
306,SPX,1432.56,SPXW121109P01450000,,put,2012-11-09,2012-10-10,1450.0,33.0,32.6,34.8,1000,6727,0.1378,-0.6289,0.0067,-149.4523,153.0284,1.0121740101636232,0.0821917808219178,-0.020379518817549194,1430.16242909702,33.7
307,SPX,1432.56,SPXW121109C01460000,,call,2012-11-09,2012-10-10,1460.0,10.3,9.8,10.6,200,546,0.1344,0.3003,0.0064,-109.1955,141.1163,1.0191545205785448,0.0821917808219178,-0.023621990663967765,1429.7813351073123,10.2
308,SPX,1432.56,SPXW121109C01490000,,call,2012-11-09,2012-10-10,1490.0,3.35,2.95,3.4,73,624,0.1255,0.1283,0.0041,-62.6779,85.0857,1.0400960518233093,0.0821917808219178,-0.02618159151998451,1429.4805719895867,3.175
309,SPX,1432.56,SPXW121109C01500000,,call,2012-11-09,2012-10-10,1500.0,2.25,1.85,2.4,18,911,0.1249,0.092,0.0033,-49.3507,66.973,1.047076562238231,0.0821917808219178,-0.026900526300973834,1429.3961057206457,2.125
310,SPX,1432.56,SPXW121109C01510000,,call,2012-11-09,2012-10-10,1510.0,1.83,1.15,1.55,12,108,0.1236,0.0627,0.0025,-36.6393,50.032,1.0540570726531524,0.0821917808219178,-0.02780398961746518,1429.2899666248152,1.35
311,SPX,1432.56,SPXW121109C01520000,,call,2012-11-09,2012-10-10,1520.0,0.85,0.65,1.05,32,8,0.1234,0.0424,0.0018,-26.8993,36.6521,1.061037583068074,0.0821917808219178,-0.028610864524252093,1429.1951814219437,0.8500000000000001
312,SPX,1432.56,SPXW121109C01525000,,call,2012-11-09,2012-10-10,1525.0,0.92,0.5,0.8,2,55,0.1225,0.0335,0.0015,-22.0969,30.2805,1.0645278382755348,0.0821917808219178,-0.02935944497128702,1429.1072498064211,0.65
313,SPX,1432.56,SPXW121109C01540000,,call,2012-11-09,2012-10-10,1540.0,0.5,0.2,0.5,61,9,0.1241,0.0185,0.0009,-13.6734,18.4112,1.0749986038979171,0.0821917808219178,-0.030679718382055937,1428.9521777571783,0.35
314,SPX,1432.56,SPXW121109C01550000,,call,2012-11-09,2012-10-10,1550.0,0.34,0.1,0.5,2,54,0.1279,0.0139,0.0007,-11.0327,14.3748,1.0819791143128386,0.0821917808219178,-0.031062578785708898,1428.90721222843,0.3
315,SPX,1432.56,SPX121117P01050000,,put,2012-11-17,2012-10-10,1050.0,0.2,0.15,0.25,159,23953,0.2421,0.0,0.0,-0.0669,0.0558,0.7329535935667616,0.10410958904109589,inf,inf,0.2
316,SPX,1432.56,SPX121117P01080000,,put,2012-11-17,2012-10-10,1080.0,0.3,0.05,0.75,1,201,0.2421,-0.0001,0.0,-0.2709,0.2256,0.7538951248115262,0.10410958904109589,0.047658709109092284,1439.6856370712712,0.4
317,SPX,1432.56,SPX121117P01100000,,put,2012-11-17,2012-10-10,1100.0,0.35,0.35,0.4,1351,39004,0.2421,-0.0003,0.0,-0.6274,0.5222,0.7678561456413693,0.10410958904109589,0.008262044480245138,1433.7927581313668,0.375
318,SPX,1432.56,SPX121117P01105000,,put,2012-11-17,2012-10-10,1105.0,0.4,0.35,0.45,300,321,0.2421,-0.0004,0.0,-0.7655,0.637,0.7713464008488301,0.10410958904109589,-0.007316931290054365,1431.4691447518396,0.4
319,SPX,1432.56,SPX121117P01110000,,put,2012-11-17,2012-10-10,1110.0,0.4,0.35,0.45,72,343,0.2421,-0.0005,0.0,-0.9301,0.7737,0.7748366560562908,0.10410958904109589,-0.010673512981429736,1430.969001902027,0.4
320,SPX,1432.56,SPX121117P01115000,,put,2012-11-17,2012-10-10,1115.0,0.45,0.05,0.8,1,2,0.2421,-0.0006,0.0,-1.1251,0.9357,0.7783269112637516,0.10410958904109589,-0.006255463835873783,1431.627343631326,0.42500000000000004
321,SPX,1432.56,SPX121117P01120000,,put,2012-11-17,2012-10-10,1120.0,0.45,0.4,0.5,10,1906,0.2421,-0.0007,0.0,-1.3554,1.127,0.7818171664712124,0.10410958904109589,0.003535003417815853,1433.087318866,0.45
322,SPX,1432.56,SPX121117P01125000,,put,2012-11-17,2012-10-10,1125.0,0.45,0.4,0.5,52,8503,0.2421,-0.0009,0.0,-1.6261,1.3517,0.7853074216786732,0.10410958904109589,-0.008650028517831965,1431.2704875053514,0.45
323,SPX,1432.56,SPX121117P01150000,,put,2012-11-17,2012-10-10,1150.0,0.6,0.5,0.85,65,24998,0.2421,-0.0022,0.0001,-3.8049,3.1586,0.8027586977159771,0.10410958904109589,-0.0026951084209732024,1432.1580992037746,0.675
324,SPX,1432.56,SPX121117P01175000,,put,2012-11-17,2012-10-10,1175.0,0.8,0.45,0.9,644,12265,0.2421,-0.0051,0.0001,-8.0876,6.7034,0.8202099737532809,0.10410958904109589,-0.005454707456052917,1431.7466982493534,0.675
325,SPX,1432.56,SPX121117P01180000,,put,2012-11-17,2012-10-10,1180.0,0.75,0.4,1.15,50,685,0.2421,-0.0059,0.0002,-9.301,7.7065,0.8237002289607417,0.10410958904109589,-0.0028630886009864305,1432.133053344255,0.7749999999999999
326,SPX,1432.56,SPX121117P01200000,,put,2012-11-17,2012-10-10,1200.0,1.0,0.55,1.25,1909,28287,0.2421,-0.0107,0.0003,-15.7057,12.9945,0.8376612497905848,0.10410958904109589,-0.0044101209247506615,1431.902411280744,0.9
327,SPX,1432.56,SPX121117P01210000,,put,2012-11-17,2012-10-10,1210.0,0.9,0.7,1.45,6,6044,0.2421,-0.0142,0.0003,-19.9935,16.5291,0.8446417602055063,0.10410958904109589,-0.00658517581369986,1431.578202178988,1.075
328,SPX,1432.56,SPX121117P01225000,,put,2012-11-17,2012-10-10,1225.0,1.25,0.9,1.5,1747,16296,0.2421,-0.021,0.0005,-28.0133,23.1299,0.8551125258278885,0.10410958904109589,-0.006942189102603035,1431.524993543709,1.2
329,SPX,1432.56,SPX121117P01240000,,put,2012-11-17,2012-10-10,1240.0,1.5,1.15,1.55,2777,7991,0.2421,-0.0303,0.0006,-38.1349,31.4432,0.8655832914502709,0.10410958904109589,-0.007930121038658096,1431.3777642062503,1.35
330,SPX,1432.56,SPX121117P01245000,,put,2012-11-17,2012-10-10,1245.0,1.8,1.25,2.0,10,407,0.244,-0.0351,0.0007,-43.3867,35.4795,0.8690735466577316,0.10410958904109589,-0.008436891189176569,1431.3022472341434,1.625
331,SPX,1432.56,SPX121117P01250000,,put,2012-11-17,2012-10-10,1250.0,1.75,1.35,2.0,3017,32208,0.2397,-0.0368,0.0007,-44.3088,36.8594,0.8725638018651924,0.10410958904109589,-0.009019824612109508,1431.2153856263983,1.675
332,SPX,1432.56,SPX121117P01255000,,put,2012-11-17,2012-10-10,1255.0,2.0,1.45,2.2,12,30,0.2376,-0.0399,0.0008,-46.9544,39.3815,0.8760540570726532,0.10410958904109589,-0.009244266043845154,1431.1819435153307,1.8250000000000002
333,SPX,1432.56,SPX121117P01260000,,put,2012-11-17,2012-10-10,1260.0,1.9,1.6,2.35,10,7020,0.2354,-0.0432,0.0008,-49.6439,41.9996,0.879544312280114,0.10410958904109589,-0.009577181366643452,1431.1323400704323,1.975
334,SPX,1432.56,SPX121117P01270000,,put,2012-11-17,2012-10-10,1270.0,2.0,1.85,2.6,912,10899,0.2289,-0.0491,0.001,-53.6086,46.5741,0.8865248226950355,0.10410958904109589,-0.009995046356501346,1431.070081797747,2.225
335,SPX,1432.56,SPX121117P01275000,,put,2012-11-17,2012-10-10,1275.0,2.4,2.0,2.7,1216,29591,0.2254,-0.0523,0.001,-55.4885,48.9172,0.8900150779024962,0.10410958904109589,-0.010836954645882179,1430.9446529631396,2.35
336,SPX,1432.56,SPX121117P01280000,,put,2012-11-17,2012-10-10,1280.0,2.4,2.2,2.95,1040,5907,0.2236,-0.0569,0.0011,-58.9419,52.3406,0.8935053331099571,0.10410958904109589,-0.010727270070204818,1430.9609933226527,2.575
337,SPX,1432.56,SPX121117P01285000,,put,2012-11-17,2012-10-10,1285.0,2.58,2.2,3.3,20,91,0.2203,-0.0608,0.0012,-61.174,55.0889,0.8969955883174178,0.10410958904109589,-0.011421494461902219,1430.8575737587973,2.75
338,SPX,1432.56,SPX121117P01290000,,put,2012-11-17,2012-10-10,1290.0,3.0,2.3,3.4,110,1646,0.2158,-0.0639,0.0013,-62.3726,57.2837,0.9004858435248786,0.10410958904109589,-0.011621496595006517,1430.8277805524215,2.8499999999999996
339,SPX,1432.56,SPX121117P01295000,,put,2012-11-17,2012-10-10,1295.0,3.25,2.6,3.5,50,85,0.2129,-0.0686,0.0014,-65.1171,60.5619,0.9039760987323393,0.10410958904109589,-0.01163635601847969,1430.8255670514363,3.05
340,SPX,1432.56,SPX121117P01300000,,put,2012-11-17,2012-10-10,1300.0,3.25,3.3,3.7,13292,59052,0.2137,-0.0772,0.0015,-71.5491,66.2441,0.9074663539398001,0.10410958904109589,-0.012262171495684284,1430.7323469490077,3.5
341,SPX,1432.56,SPX121117P01305000,,put,2012-11-17,2012-10-10,1305.0,3.98,3.0,4.1,60,65,0.2075,-0.0797,0.0016,-71.2871,67.8888,0.9109566091472608,0.10410958904109589,-0.012426017905274492,1430.707941750012,3.55
342,SPX,1432.56,SPX121117P01310000,,put,2012-11-17,2012-10-10,1310.0,3.8,3.6,4.4,908,10858,0.2073,-0.0884,0.0017,-77.0413,73.3719,0.9144468643547217,0.10410958904109589,-0.012772700322435701,1430.6563041916886,4.0
343,SPX,1432.56,SPX121117P01315000,,put,2012-11-17,2012-10-10,1315.0,4.4,3.6,4.7,129,99,0.2025,-0.093,0.0018,-78.2669,76.2067,0.9179371195621824,0.10410958904109589,-0.012969146419425853,1430.6270448191426,4.15
344,SPX,1432.56,SPX121117P01320000,,put,2012-11-17,2012-10-10,1320.0,4.2,3.9,5.0,2005,8981,0.1994,-0.0999,0.0019,-81.2847,80.2744,0.9214273747696432,0.10410958904109589,-0.013556226826216336,1430.5396065650598,4.45
345,SPX,1432.56,SPX121117P01325000,,put,2012-11-17,2012-10-10,1325.0,4.6,4.3,4.8,2035,26178,0.1938,-0.1045,0.002,-81.7566,82.9442,0.9249176299771039,0.10410958904109589,-0.013889869682838129,1430.4899170330114,4.55
346,SPX,1432.56,SPX121117C01335000,,call,2012-11-17,2012-10-10,1335.0,100.9,98.4,101.4,1,13,0.1895,0.8744,0.0023,-59.3195,93.2398,0.9318981403920255,0.10410958904109589,-0.02153403468441774,1429.3519418659241,99.9
347,SPX,1432.56,SPX121117P01335000,,put,2012-11-17,2012-10-10,1335.0,5.56,5.1,6.2,14,100,0.1917,-0.1257,0.0024,-92.4745,94.6018,0.9318981403920255,0.10410958904109589,-0.014417317345729125,1430.411367613221,5.65
348,SPX,1432.56,SPX121117P01340000,,put,2012-11-17,2012-10-10,1340.0,6.05,5.4,6.6,811,2337,0.1879,-0.1342,0.0025,-95.0045,98.9876,0.9353883955994863,0.10410958904109589,-0.014707127923841537,1430.3682098064285,6.0
349,SPX,1432.56,SPX121117P01345000,,put,2012-11-17,2012-10-10,1345.0,6.7,5.9,7.1,35,1993,0.1853,-0.1449,0.0027,-98.8652,104.28,0.938878650806947,0.10410958904109589,-0.01504376748696379,1430.3180799886973,6.5
350,SPX,1432.56,SPX121117P01350000,,put,2012-11-17,2012-10-10,1350.0,7.2,6.8,7.6,30402,65277,0.1841,-0.1581,0.0029,-104.2744,110.5229,0.9423689060144078,0.10410958904109589,-0.015219915590078213,1430.2918500455596,7.199999999999999
351,SPX,1432.56,SPX121117P01355000,,put,2012-11-17,2012-10-10,1355.0,7.64,7.0,8.3,93,2854,0.1802,-0.1689,0.003,-106.7549,115.3582,0.9458591612218685,0.10410958904109589,-0.015563188023187981,1430.2407352575365,7.65
352,SPX,1432.56,SPX121117P01360000,,put,2012-11-17,2012-10-10,1360.0,8.4,7.7,8.9,1781,7831,0.1776,-0.1822,0.0032,-110.6299,121.0436,0.9493494164293294,0.10410958904109589,-0.015794735550628363,1430.206257835226,8.3
353,SPX,1432.56,SPX121117P01365000,,put,2012-11-17,2012-10-10,1365.0,9.0,8.4,9.6,1561,6405,0.175,-0.1966,0.0035,-114.459,126.8089,0.9528396716367901,0.10410958904109589,-0.016241745435287797,1430.1397004231262,9.0
354,SPX,1432.56,SPX121117C01370000,,call,2012-11-17,2012-10-10,1370.0,70.7,67.5,70.5,3,36,0.1711,0.7872,0.0037,-86.1368,132.0208,0.9563299268442509,0.10410958904109589,-0.021038259860392382,1429.4257196463166,69.0
355,SPX,1432.56,SPX121117P01370000,,put,2012-11-17,2012-10-10,1370.0,10.3,9.1,10.4,1297,16555,0.1722,-0.2117,0.0037,-117.9969,132.5275,0.9563299268442509,0.10410958904109589,-0.01648655957554234,1430.1032502026935,9.75
356,SPX,1432.56,SPX121117C01375000,,call,2012-11-17,2012-10-10,1375.0,0.0,64.1,65.7,3,12646,0.1692,0.7698,0.0039,-90.5495,138.18,0.9598201820517117,0.10410958904109589,-0.02112053671341957,1429.4134755105538,64.9
357,SPX,1432.56,SPX121117P01375000,,put,2012-11-17,2012-10-10,1375.0,10.3,9.9,11.3,2296,48498,0.1698,-0.2284,0.0039,-121.8506,138.4308,0.9598201820517117,0.10410958904109589,-0.016724637611794786,1430.0678038074905,10.600000000000001
358,SPX,1432.56,SPX121117C01380000,,call,2012-11-17,2012-10-10,1380.0,61.85,59.3,62.2,2,68,0.1661,0.7527,0.0041,-93.5389,143.7816,0.9633104372591724,0.10410958904109589,-0.021232641523687982,1429.3967926577554,60.75
359,SPX,1432.56,SPX121117P01380000,,put,2012-11-17,2012-10-10,1380.0,11.7,10.7,12.2,1375,14848,0.1668,-0.2456,0.0041,-124.9206,144.0458,0.9633104372591724,0.10410958904109589,-0.01708068390510678,1430.014795275027,11.45
360,SPX,1432.56,SPX121117P01385000,,put,2012-11-17,2012-10-10,1385.0,12.7,11.7,13.2,987,3727,0.1643,-0.2646,0.0043,-128.3236,149.7565,0.9668006924666332,0.10410958904109589,-0.017393370534535237,1429.9682437937229,12.45
361,SPX,1432.56,SPX121117C01390000,,call,2012-11-17,2012-10-10,1390.0,60.0,51.7,54.2,5,310,0.162,0.7125,0.0046,-101.0691,155.3429,0.970290947674094,0.10410958904109589,-0.021294418323582337,1429.3875994400148,52.95
362,SPX,1432.56,SPX121117P01390000,,put,2012-11-17,2012-10-10,1390.0,13.46,12.8,14.4,4197,3626,0.1622,-0.2852,0.0046,-131.8875,155.3986,0.970290947674094,0.10410958904109589,-0.017581332056737516,1429.9402615954646,13.600000000000001
363,SPX,1432.56,SPX121117P01395000,,put,2012-11-17,2012-10-10,1395.0,14.7,14.0,15.6,26,217,0.1599,-0.3069,0.0048,-134.9418,160.6988,0.9737812028815548,0.10410958904109589,-0.01789116183609698,1429.8941378273628,14.8
364,SPX,1432.56,SPX121117C01400000,,call,2012-11-17,2012-10-10,1400.0,51.31,44.0,46.6,1,22237,0.1568,0.6684,0.005,-106.2756,165.4954,0.9772714580890155,0.10410958904109589,-0.021490613191919493,1429.3584033999691,45.3
365,SPX,1432.56,SPX121117P01400000,,put,2012-11-17,2012-10-10,1400.0,16.6,15.7,16.9,11311,58190,0.1587,-0.3308,0.005,-138.7084,165.8336,0.9772714580890155,0.10410958904109589,-0.018140942245464368,1429.8569545775774,16.299999999999997
366,SPX,1432.56,SPX121117P01405000,,put,2012-11-17,2012-10-10,1405.0,17.13,16.6,18.3,21,724,0.1548,-0.3537,0.0052,-139.4418,170.063,0.9807617132964763,0.10410958904109589,-0.018492288084559168,1429.804653553097,17.450000000000003
367,SPX,1432.56,SPX121117C01410000,,call,2012-11-17,2012-10-10,1410.0,38.9,37.0,39.4,54,4277,0.1517,0.6188,0.0055,-109.9608,173.955,0.984251968503937,0.10410958904109589,-0.021832140858310936,1429.307581600155,38.2
368,SPX,1432.56,SPX121117P01410000,,put,2012-11-17,2012-10-10,1410.0,18.9,18.1,19.8,159,6062,0.1523,-0.3791,0.0054,-141.0725,174.009,0.984251968503937,0.10410958904109589,-0.01875813315131769,1429.7650813677994,18.950000000000003
369,SPX,1432.56,SPX121117P01415000,,put,2012-11-17,2012-10-10,1415.0,20.5,20.0,21.4,1340,4333,0.1506,-0.4061,0.0056,-142.9147,177.3593,0.9877422237113979,0.10410958904109589,-0.018913518903865417,1429.7419520352144,20.7
370,SPX,1432.56,SPX121117C01420000,,call,2012-11-17,2012-10-10,1420.0,33.0,30.7,32.8,180,1032,0.1474,0.5637,0.0058,-112.2782,179.8804,0.9912324789188586,0.10410958904109589,-0.02219368912227756,1429.2537825588613,31.75
371,SPX,1432.56,SPX121117P01420000,,put,2012-11-17,2012-10-10,1420.0,22.5,21.4,23.3,2292,1581,0.1475,-0.4338,0.0058,-142.8855,179.8827,0.9912324789188586,0.10410958904109589,-0.019255485758999984,1429.691051227219,22.35
372,SPX,1432.56,SPX121117C01425000,,call,2012-11-17,2012-10-10,1425.0,28.55,27.6,29.6,227,27268,0.1446,0.5346,0.006,-111.9141,181.5757,0.9947227341263194,0.10410958904109589,-0.022361764695331444,1429.2287732964535,28.6
373,SPX,1432.56,SPX121117P01425000,,put,2012-11-17,2012-10-10,1425.0,24.4,23.3,25.2,2995,44930,0.1451,-0.4629,0.006,-142.8615,181.5781,0.9947227341263194,0.10410958904109589,-0.019470115064402087,1429.6591051822302,24.25
374,SPX,1432.56,SPX121117C01430000,,call,2012-11-17,2012-10-10,1430.0,25.35,24.7,26.7,154,2411,0.1425,0.5044,0.0061,-111.4896,182.3001,0.9982129893337801,0.10410958904109589,-0.02246215653887406,1429.2138354275771,25.7
375,SPX,1432.56,SPX121117P01430000,,put,2012-11-17,2012-10-10,1430.0,26.75,25.3,27.3,181,10490,0.1427,-0.4931,0.0061,-142.1509,182.3,0.9982129893337801,0.10410958904109589,-0.019712097905315303,1429.6230886141873,26.3
376,SPX,1432.56,SPX121117C01435000,,call,2012-11-17,2012-10-10,1435.0,22.87,22.0,23.8,64,2056,0.1401,0.4732,0.0062,-110.0683,181.9421,1.0017032445412408,0.10410958904109589,-0.02265851191078362,1429.184619055139,22.9
377,SPX,1432.56,SPX121117P01435000,,put,2012-11-17,2012-10-10,1435.0,27.9,27.5,29.5,1411,7712,0.1403,-0.5242,0.0062,-140.7126,181.9439,1.0017032445412408,0.10410958904109589,-0.01988857349693428,1429.596822674509,28.5
378,SPX,1432.56,SPX121117C01440000,,call,2012-11-17,2012-10-10,1440.0,20.0,20.0,21.1,400,6633,0.1394,0.4421,0.0062,-109.3989,180.4677,1.0051934997487018,0.10410958904109589,-0.02288475545852535,1429.1509562615988,20.55
379,SPX,1432.56,SPX121117P01440000,,put,2012-11-17,2012-10-10,1440.0,31.4,29.8,31.9,99,6187,0.1378,-0.5562,0.0062,-138.4272,180.4113,1.0051934997487018,0.10410958904109589,-0.020102049778148168,1429.565050341259,30.85
380,SPX,1432.56,SPX121117C01445000,,call,2012-11-17,2012-10-10,1445.0,17.5,17.0,18.6,287,747,0.1358,0.4089,0.0062,-105.3787,177.6565,1.0086837549561625,0.10410958904109589,-0.023130712017244037,1429.114361267281,17.8
381,SPX,1432.56,SPX121117P01445000,,put,2012-11-17,2012-10-10,1445.0,30.3,32.3,34.5,1,6634,0.1356,-0.5887,0.0062,-135.6333,177.6403,1.0086837549561625,0.10410958904109589,-0.020366391797723753,1429.5257084818602,33.4
382,SPX,1432.56,SPX121117C01450000,,call,2012-11-17,2012-10-10,1450.0,15.25,14.7,16.3,4063,54533,0.1338,0.3764,0.0062,-102.0137,173.6366,1.0121740101636232,0.10410958904109589,-0.023325258047875573,1429.085416124796,15.5
383,SPX,1432.56,SPX121117P01450000,,put,2012-11-17,2012-10-10,1450.0,36.75,35.0,37.4,2712,45758,0.1338,-0.6211,0.0062,-132.4314,173.6366,1.0121740101636232,0.10410958904109589,-0.020597327110933535,1429.4913394080231,36.2
384,SPX,1432.56,SPX121117C01455000,,call,2012-11-17,2012-10-10,1455.0,13.6,12.9,14.2,257,7071,0.1316,0.3437,0.0061,-97.7176,168.2945,1.015664265371084,0.10410958904109589,-0.023483058271489506,1429.0619385644072,13.55
385,SPX,1432.56,SPX121117P01455000,,put,2012-11-17,2012-10-10,1455.0,34.2,37.9,40.4,1,6638,0.1319,-0.6534,0.0061,-128.3977,168.3621,1.015664265371084,0.10410958904109589,-0.02067961927513081,1429.47909243153,39.15
386,SPX,1432.56,SPX121117C01460000,,call,2012-11-17,2012-10-10,1460.0,11.65,10.9,12.3,303,9765,0.1293,0.311,0.006,-92.6138,161.6212,1.0191545205785448,0.10410958904109589,-0.023682537505038605,1429.032260541491,11.600000000000001
387,SPX,1432.56,SPX121117P01460000,,put,2012-11-17,2012-10-10,1460.0,41.9,40.9,43.6,46,5327,0.1298,-0.6858,0.0059,-123.4741,161.7837,1.0191545205785448,0.10410958904109589,-0.02087559810709791,1429.449926673101,42.25
388,SPX,1432.56,SPX121117C01465000,,call,2012-11-17,2012-10-10,1465.0,9.8,9.2,10.5,80,2690,0.1271,0.2788,0.0058,-86.9504,153.7139,1.0226447757860055,0.10410958904109589,-0.023988806460161508,1428.9866958096864,9.85
389,SPX,1432.56,SPX121117P01465000,,put,2012-11-17,2012-10-10,1465.0,44.84,44.2,46.9,4,2258,0.128,-0.7172,0.0057,-118.1956,154.1076,1.0226447757860055,0.10410958904109589,-0.021031843132311434,1429.4266745643722,45.55
390,SPX,1432.56,SPX121117C01470000,,call,2012-11-17,2012-10-10,1470.0,8.33,7.7,9.0,181,4445,0.1255,0.2486,0.0055,-81.315,144.9713,1.0261350309934663,0.10410958904109589,-0.02412729990032866,1428.9660921204943,8.35
391,SPX,1432.56,SPX121117P01470000,,put,2012-11-17,2012-10-10,1470.0,48.85,47.7,50.4,18,1252,0.1264,-0.7473,0.0055,-112.5637,145.4717,1.0261350309934663,0.10410958904109589,-0.021086879867058157,1429.4184841847803,49.05
392,SPX,1432.56,SPX121117C01475000,,call,2012-11-17,2012-10-10,1475.0,7.1,6.5,7.6,2723,34154,0.1242,0.2201,0.0052,-75.5409,135.5378,1.029625286200927,0.10410958904109589,-0.024394339426128175,1428.9263654501228,7.05
393,SPX,1432.56,SPX121117P01475000,,put,2012-11-17,2012-10-10,1475.0,53.8,51.3,54.1,10,8395,0.1247,-0.7764,0.0052,-106.384,135.8764,1.029625286200927,0.10410958904109589,-0.02110607744090006,1429.4156272782047,52.7
394,SPX,1432.56,SPX121117C01480000,,call,2012-11-17,2012-10-10,1480.0,5.9,5.3,6.5,1112,8992,0.1229,0.1931,0.0049,-69.4445,125.4459,1.033115541408388,0.10410958904109589,-0.02467960793794379,1428.883928128207,5.9
395,SPX,1432.56,SPX121117P01480000,,put,2012-11-17,2012-10-10,1480.0,52.5,55.1,58.0,4,2251,0.1233,-0.8036,0.0049,-100.1753,125.764,1.033115541408388,0.10410958904109589,-0.021225603385976118,1429.39784003095,56.55
396,SPX,1432.56,SPX121117C01485000,,call,2012-11-17,2012-10-10,1485.0,5.0,4.5,5.4,1284,4688,0.1222,0.1691,0.0045,-63.765,115.4213,1.0366057966158486,0.10410958904109589,-0.0248577459872867,1428.8574284653444,4.95
397,SPX,1432.56,SPX121117C01490000,,call,2012-11-17,2012-10-10,1490.0,3.82,3.5,4.0,22216,9904,0.1182,0.14,0.0041,-54.5802,101.8871,1.0400960518233093,0.10410958904109589,-0.025126313525919618,1428.8174775185016,3.75
398,SPX,1432.56,SPX121117P01490000,,put,2012-11-17,2012-10-10,1490.0,64.55,63.2,66.2,15,3334,0.1206,-0.8525,0.0041,-87.35,104.334,1.0400960518233093,0.10410958904109589,-0.021075477439163878,1429.4201810514464,64.7
399,SPX,1432.56,SPX121117C01495000,,call,2012-11-17,2012-10-10,1495.0,3.35,2.7,3.9,32,2500,0.1194,0.1237,0.0037,-50.807,93.5414,1.04358630703077,0.10410958904109589,-0.025368200843476258,1428.7814963621793,3.3
400,SPX,1432.56,SPX121117C01500000,,call,2012-11-17,2012-10-10,1500.0,0.0,2.6,2.8,4713,53166,0.1191,0.1061,0.0034,-45.5912,83.8938,1.047076562238231,0.10410958904109589,-0.025720836646031104,1428.729042800751,2.7
401,SPX,1432.56,SPX121117P01500000,,put,2012-11-17,2012-10-10,1500.0,73.12,71.9,74.9,2005,4167,0.1184,-0.8927,0.0033,-75.1406,83.1017,1.047076562238231,0.10410958904109589,-0.02053751796174794,1429.5002404579534,73.4
402,SPX,1432.56,SPX121117C01505000,,call,2012-11-17,2012-10-10,1505.0,2.25,1.8,2.4,52,943,0.1166,0.0863,0.0029,-38.4197,72.0424,1.0505668174456917,0.10410958904109589,-0.025844317868111814,1428.7106757793238,2.1
403,SPX,1432.56,SPX121117C01510000,,call,2012-11-17,2012-10-10,1510.0,0.0,1.4,2.0,1823,5531,0.1162,0.0724,0.0026,-33.6215,63.095,1.0540570726531524,0.10410958904109589,-0.02619108204419488,1428.6590981463623,1.7
404,SPX,1432.56,SPX121117C01515000,,call,2012-11-17,2012-10-10,1515.0,1.5,1.0,1.8,879,3194,0.1161,0.0608,0.0023,-29.4049,55.0912,1.0575473278606131,0.10410958904109589,-0.026338897066742528,1428.6371127360262,1.4
405,SPX,1432.56,SPX121117C01520000,,call,2012-11-17,2012-10-10,1520.0,1.25,1.2,1.3,770,5293,0.1189,0.0551,0.002,-27.9449,50.9811,1.061037583068074,0.10410958904109589,-0.026584665683223083,1428.6005588520813,1.25
406,SPX,1432.56,SPX121117C01525000,,call,2012-11-17,2012-10-10,1525.0,0.0,0.6,1.2,20121,32329,0.1159,0.0419,0.0017,-21.9524,41.0145,1.0645278382755348,0.10410958904109589,-0.027163815644878887,1428.5144238860219,0.8999999999999999
407,SPX,1432.56,SPX121117P01525000,,put,2012-11-17,2012-10-10,1525.0,96.5,95.1,97.1,1,2212,0.1148,-0.957,0.0017,-51.2819,39.8285,1.0645278382755348,0.10410958904109589,-0.01681417814708749,1430.0544727370434,96.1
408,SPX,1432.56,SPX121117C01530000,,call,2012-11-17,2012-10-10,1530.0,0.7,0.4,1.0,3009,12126,0.1144,0.0328,0.0014,-17.7584,33.5519,1.0680180934829955,0.10410958904109589,-0.027255873028603727,1428.5007329888397,0.7
409,SPX,1432.56,SPX121117C01535000,,call,2012-11-17,2012-10-10,1535.0,0.7,0.3,1.05,61,5172,0.1173,0.0299,0.0013,-16.9233,31.1132,1.0715083486904562,0.10410958904109589,-0.027749223381702864,1428.4273635005861,0.675
410,SPX,1432.56,SPX121117C01540000,,call,2012-11-17,2012-10-10,1540.0,0.7,0.25,1.0,3118,9993,0.1198,0.027,0.0011,-15.9026,28.5683,1.0749986038979171,0.10410958904109589,-0.027941693451387795,1428.3987409886179,0.625
411,SPX,1432.56,SPX121117C01545000,,call,2012-11-17,2012-10-10,1545.0,0.55,0.2,0.8,5,1466,0.1202,0.0225,0.001,-13.7179,24.5204,1.0784888591053778,0.10410958904109589,-0.028232334151150354,1428.3555204623353,0.5
412,SPX,1432.56,SPX121117C01550000,,call,2012-11-17,2012-10-10,1550.0,0.45,0.4,0.55,2362,15342,0.1251,0.0225,0.0009,-14.2836,24.483,1.0819791143128386,0.10410958904109589,-0.02824171185583532,1428.3541259466933,0.47500000000000003
413,SPX,1432.56,SPX121117C01560000,,call,2012-11-17,2012-10-10,1560.0,0.35,0.3,0.4,31,1260,0.1278,0.017,0.0007,-11.567,19.3506,1.0889596247277602,0.10410958904109589,-0.029302281636072187,1428.1964222412223,0.35
414,SPX,1432.56,SPX121117C01565000,,call,2012-11-17,2012-10-10,1565.0,0.49,0.25,0.4,30,165,0.1304,0.0157,0.0007,-10.9992,18.0082,1.092449879935221,0.10410958904109589,-0.028874583154211996,1428.2600176921005,0.325
415,SPX,1432.56,SPX121117C01575000,,call,2012-11-17,2012-10-10,1575.0,0.32,0.15,0.7,4,3777,0.1304,0.0106,0.0005,-7.8444,12.814,1.0994303903501423,0.10410958904109589,-0.029300363504962703,1428.1967074461372,0.425
416,SPX,1432.56,SPX121117C01600000,,call,2012-11-17,2012-10-10,1600.0,0.1,0.05,0.2,1,9199,0.1304,0.0036,0.0002,-3.0742,4.998,1.1168816663874463,0.10410958904109589,-0.03283755115428375,1427.670863478109,0.125
417,SPX,1432.56,SPX121117C01625000,,call,2012-11-17,2012-10-10,1625.0,0.1,0.05,0.1,1306,366,0.1304,0.0011,0.0001,-1.0625,1.7209,1.1343329424247501,0.10410958904109589,-0.0352116463819869,1427.3180352747713,0.07500000000000001
418,SPX,1432.56,SPX121117C01650000,,call,2012-11-17,2012-10-10,1650.0,0.1,0.05,0.1,14,252,0.1304,0.0003,0.0,-0.3258,0.5262,1.151784218462054,0.10410958904109589,-0.03801476618194966,1426.9015594702478,0.07500000000000001
419,SPX,1432.56,SPX121222P00500000,,put,2012-12-22,2012-10-10,500.0,0.05,0.0,0.05,200,88231,0.2342,0.0,0.0,0.0,0.0,0.34902552074607696,0.2,inf,inf,0.025
420,SPX,1432.56,SPX121222P00700000,,put,2012-12-22,2012-10-10,700.0,0.05,0.0,0.05,50,72210,0.2342,0.0,0.0,0.0,0.0,0.48863572904450775,0.2,inf,inf,0.025
421,SPX,1432.56,SPX121222P00800000,,put,2012-12-22,2012-10-10,800.0,0.1,0.05,0.1,11,66836,0.2342,0.0,0.0,0.0,0.0,0.5584408331937232,0.2,inf,inf,0.07500000000000001
422,SPX,1432.56,SPX121222P00900000,,put,2012-12-22,2012-10-10,900.0,0.2,0.1,0.25,32,105875,0.2342,0.0,0.0,-0.0068,0.0114,0.6282459373429385,0.2,inf,inf,0.175
423,SPX,1432.56,SPX121222P00950000,,put,2012-12-22,2012-10-10,950.0,0.35,0.35,0.45,172,67674,0.2342,0.0,0.0,-0.0609,0.1014,0.6631484894175462,0.2,inf,inf,0.4
424,SPX,1432.56,SPX121222P00970000,,put,2012-12-22,2012-10-10,970.0,0.4,0.1,0.45,50,0,0.2342,-0.0001,0.0,-0.1318,0.2191,0.6771095102473893,0.2,-0.02943509142560428,1424.1512685484643,0.275
425,SPX,1432.56,SPX121222P00975000,,put,2012-12-22,2012-10-10,975.0,0.45,0.15,0.5,51,21792,0.2342,-0.0001,0.0,-0.1584,0.2633,0.6805997654548501,0.2,-0.003728093923511349,1431.492254468817,0.325
426,SPX,1432.56,SPX121222P00980000,,put,2012-12-22,2012-10-10,980.0,0.45,0.15,0.5,50,205,0.2342,-0.0001,0.0,-0.1899,0.3155,0.6840900206623108,0.2,0.021847409410341207,1438.8332403891702,0.325
427,SPX,1432.56,SPX121222P00985000,,put,2012-12-22,2012-10-10,985.0,0.5,0.15,0.55,50,0,0.2342,-0.0002,0.0,-0.2267,0.3767,0.6875802758697717,0.2,-0.046411986247312895,1419.323935239877,0.35000000000000003
428,SPX,1432.56,SPX121222P00990000,,put,2012-12-22,2012-10-10,990.0,0.5,0.2,0.55,50,0,0.2342,-0.0002,0.0,-0.2699,0.4483,0.6910705310772324,0.2,-0.021095476464578582,1426.5286252664757,0.375
429,SPX,1432.56,SPX121222P00995000,,put,2012-12-22,2012-10-10,995.0,0.55,0.2,0.6,150,0,0.2342,-0.0002,0.0,-0.3203,0.5318,0.6945607862846932,0.2,0.004093493685206524,1433.7333152930737,0.4
430,SPX,1432.56,SPX121222P01000000,,put,2012-12-22,2012-10-10,1000.0,0.55,0.55,0.6,70,116974,0.2342,-0.0003,0.0,-0.3788,0.6289,0.6980510414921539,0.2,-0.02764782261385305,1424.6604277725814,0.575
431,SPX,1432.56,SPX121222P01005000,,put,2012-12-22,2012-10-10,1005.0,0.6,0.25,0.65,50,0,0.2342,-0.0003,0.0,-0.4467,0.7414,0.7015412966996147,0.2,-0.0027101150586570748,1431.7837299114447,0.45
432,SPX,1432.56,SPX121222P01010000,,put,2012-12-22,2012-10-10,1010.0,0.6,0.3,0.65,50,0,0.2342,-0.0004,0.0,-0.5251,0.8713,0.7050315519070754,0.2,-0.019172989804439416,1427.0772271781789,0.475
433,SPX,1432.56,SPX121222P01015000,,put,2012-12-22,2012-10-10,1015.0,0.65,0.35,0.7,50,0,0.2342,-0.0004,0.0,-0.6154,1.0209,0.7085218071145363,0.2,0.005518418398473741,1434.1419659265857,0.5249999999999999
434,SPX,1432.56,SPX121222P01020000,,put,2012-12-22,2012-10-10,1020.0,0.65,0.35,0.7,50,1401,0.2342,-0.0005,0.0,-0.719,1.1925,0.712012062321997,0.2,-0.0025204828655601523,1431.8380333989558,0.5249999999999999
435,SPX,1432.56,SPX121222P01025000,,put,2012-12-22,2012-10-10,1025.0,0.65,0.4,0.75,1053,18888,0.2342,-0.0006,0.0,-0.8377,1.3889,0.7155023175294578,0.2,-0.005117222504168278,1431.0946043493552,0.575
436,SPX,1432.56,SPX121222P01030000,,put,2012-12-22,2012-10-10,1030.0,0.75,0.45,0.8,50,0,0.2342,-0.0007,0.0,-0.973,1.6129,0.7189925727369185,0.2,-0.003948465718184673,1431.429163755733,0.625
437,SPX,1432.56,SPX121222P01040000,,put,2012-12-22,2012-10-10,1040.0,0.8,0.5,0.85,50,660,0.2342,-0.001,0.0,-1.3016,2.1564,0.7259730831518401,0.2,-0.010321664396279278,1429.6057695970837,0.675
438,SPX,1432.56,SPX121222P01045000,,put,2012-12-22,2012-10-10,1045.0,0.85,0.55,0.9,50,0,0.2342,-0.0012,0.0,-1.499,2.4828,0.7294633383593009,0.2,-0.01491314070230491,1428.2935719781096,0.7250000000000001
439,SPX,1432.56,SPX121222P01050000,,put,2012-12-22,2012-10-10,1050.0,0.9,0.8,0.95,111,53555,0.2342,-0.0014,0.0,-1.7217,2.8508,0.7329535935667616,0.2,-0.01555011930731524,1428.1116250785792,0.875
440,SPX,1432.56,SPX121222P01065000,,put,2012-12-22,2012-10-10,1065.0,1.0,0.7,1.05,50,0,0.2342,-0.0021,0.0,-2.5663,4.2457,0.743424359189144,0.2,-0.010687981823931752,1429.5010355321067,0.875
441,SPX,1432.56,SPX121222P01070000,,put,2012-12-22,2012-10-10,1070.0,1.05,0.75,1.1,50,0,0.2342,-0.0024,0.0001,-2.916,4.8229,0.7469146143966047,0.2,-0.00956639240067179,1429.8217341483778,0.925
442,SPX,1432.56,SPX121222P01075000,,put,2012-12-22,2012-10-10,1075.0,1.1,1.0,1.15,217,22682,0.2342,-0.0028,0.0001,-3.3048,5.4642,0.7504048696040655,0.2,-0.012352088626480056,1429.0253462167843,1.075
443,SPX,1432.56,SPX121222P01080000,,put,2012-12-22,2012-10-10,1080.0,1.15,0.85,1.2,100,1225,0.2342,-0.0032,0.0001,-3.7359,6.1751,0.7538951248115262,0.2,-0.012075074677805702,1429.104520400782,1.025
444,SPX,1432.56,SPX121222P01085000,,put,2012-12-22,2012-10-10,1085.0,1.2,0.9,1.25,100,0,0.2342,-0.0037,0.0001,-4.2125,6.9607,0.757385380018987,0.2,-0.014256264949848812,1428.4812265873804,1.075
445,SPX,1432.56,SPX121222P01090000,,put,2012-12-22,2012-10-10,1090.0,1.3,0.95,1.35,150,1580,0.2342,-0.0042,0.0001,-4.7381,7.8268,0.7608756352264477,0.2,-0.013645797053957003,1428.655645620629,1.15
446,SPX,1432.56,SPX121222P01095000,,put,2012-12-22,2012-10-10,1095.0,1.35,1.05,1.35,150,150,0.2342,-0.0047,0.0001,-5.3163,8.7789,0.7643658904339086,0.2,-0.0108726129991694,1429.4482504154519,1.2000000000000002
447,SPX,1432.56,SPX121222P01100000,,put,2012-12-22,2012-10-10,1100.0,1.3,1.1,1.35,321,118592,0.2342,-0.0054,0.0001,-5.9504,9.8228,0.7678561456413693,0.2,-0.013256106954102991,1428.7669965520479,1.225
448,SPX,1432.56,SPX121222P01105000,,put,2012-12-22,2012-10-10,1105.0,1.5,1.15,1.6,200,200,0.2342,-0.0061,0.0001,-6.6443,10.9644,0.7713464008488301,0.2,-0.012993262132791433,1428.8421073274594,1.375
449,SPX,1432.56,SPX121222P01110000,,put,2012-12-22,2012-10-10,1110.0,1.6,1.25,1.6,400,11248,0.2342,-0.0069,0.0001,-7.4015,12.2098,0.7748366560562908,0.2,-0.013398349625066235,1428.7263508034519,1.425
450,SPX,1432.56,SPX121222P01115000,,put,2012-12-22,2012-10-10,1115.0,1.65,1.3,1.65,200,175,0.2342,-0.0077,0.0001,-8.2258,13.5646,0.7783269112637516,0.2,-0.01166157300173674,1429.222712710879,1.475
451,SPX,1432.56,SPX121222P01120000,,put,2012-12-22,2012-10-10,1120.0,1.7,1.35,1.7,250,3164,0.2342,-0.0087,0.0002,-9.1208,15.035,0.7818171664712124,0.2,-0.012692951701602461,1428.9279291426226,1.525
452,SPX,1432.56,SPX121222P01125000,,put,2012-12-22,2012-10-10,1125.0,1.8,1.45,1.8,321,51802,0.2342,-0.0098,0.0002,-10.0901,16.6267,0.7853074216786732,0.2,-0.013581952598092039,1428.6738880855594,1.625
453,SPX,1432.56,SPX121222P01130000,,put,2012-12-22,2012-10-10,1130.0,1.8,1.55,1.95,55,1584,0.2342,-0.0109,0.0002,-11.1374,18.3453,0.7887976768861339,0.2,-0.012400277288074728,1429.0115737193885,1.75
454,SPX,1432.56,SPX121222P01150000,,put,2012-12-22,2012-10-10,1150.0,2.5,2.05,2.3,2541,121663,0.2342,-0.0168,0.0003,-16.173,26.597,0.8027586977159771,0.2,-0.013179249146937588,1428.7889591005078,2.175
455,SPX,1432.56,SPX121222P01170000,,put,2012-12-22,2012-10-10,1170.0,2.8,2.2,3.2,20,5,0.2342,-0.025,0.0004,-22.7039,37.2716,0.8167197185458202,0.2,-0.01331344866833432,1428.7506110562415,2.7
456,SPX,1432.56,SPX121222P01175000,,put,2012-12-22,2012-10-10,1175.0,3.05,2.3,3.4,1235,44375,0.2342,-0.0275,0.0004,-24.5876,40.3451,0.8202099737532809,0.2,-0.01350858457330249,1428.6948520356148,2.8499999999999996
457,SPX,1432.56,SPX121222P01180000,,put,2012-12-22,2012-10-10,1180.0,3.0,2.4,3.5,2828,1996,0.2342,-0.0302,0.0005,-26.5747,43.5848,0.8237002289607417,0.2,-0.01375557625393815,1428.6242786302096,2.95
458,SPX,1432.56,SPX121222P01200000,,put,2012-12-22,2012-10-10,1200.0,3.4,3.2,3.6,21240,196536,0.2342,-0.043,0.0006,-35.5675,58.2154,0.8376612497905848,0.2,-0.01402120883429776,1428.548382815568,3.4000000000000004
459,SPX,1432.56,SPX121222P01210000,,put,2012-12-22,2012-10-10,1210.0,3.8,3.4,4.5,8,2783,0.2342,-0.0508,0.0007,-40.6849,66.5187,0.8446417602055063,0.2,-0.014286098150031411,1428.47270337953,3.95
460,SPX,1432.56,SPX121222P01225000,,put,2012-12-22,2012-10-10,1225.0,4.55,4.0,5.1,1701,44088,0.2363,-0.0659,0.0008,-50.4825,81.6718,0.8551125258278885,0.2,-0.014234948716672972,1428.4873165681447,4.55
461,SPX,1432.56,SPX121222P01240000,,put,2012-12-22,2012-10-10,1240.0,5.67,4.7,5.8,19,265,0.2294,-0.0764,0.001,-54.9966,91.4372,0.8655832914502709,0.2,-0.014694614311455086,1428.3559973101296,5.25
462,SPX,1432.56,SPX121222C01250000,,call,2012-12-22,2012-10-10,1250.0,182.1,180.8,184.2,7,57831,0.2098,0.9245,0.001,-19.8822,86.5181,0.8725638018651924,0.2,-0.02993521063781005,1424.0088265902814,182.5
463,SPX,1432.56,SPX121222P01250000,,put,2012-12-22,2012-10-10,1250.0,5.97,5.2,6.4,2124,161102,0.225,-0.0845,0.0011,-58.2984,98.6549,0.8725638018651924,0.2,-0.014913106776076754,1428.2935816694326,5.800000000000001
464,SPX,1432.56,SPX121222P01260000,,put,2012-12-22,2012-10-10,1260.0,6.93,5.8,7.1,11,1026,0.221,-0.0938,0.0012,-62.0112,106.6451,0.879544312280114,0.2,-0.015001963758092391,1428.268199123555,6.449999999999999
465,SPX,1432.56,SPX121222P01270000,,put,2012-12-22,2012-10-10,1270.0,7.47,6.4,7.8,124,1907,0.2162,-0.1033,0.0013,-65.2563,114.4863,0.8865248226950355,0.2,-0.015034476982184426,1428.2589116329473,7.1
466,SPX,1432.56,SPX121222P01275000,,put,2012-12-22,2012-10-10,1275.0,7.55,6.8,8.1,3494,86685,0.2139,-0.1086,0.0014,-66.9873,118.6604,0.8900150779024962,0.2,-0.015241295438366033,1428.1998347941474,7.449999999999999
467,SPX,1432.56,SPX121222P01285000,,put,2012-12-22,2012-10-10,1285.0,8.5,7.6,9.0,400,0,0.2099,-0.1206,0.0015,-70.9655,127.8201,0.8969955883174178,0.2,-0.015475138985908268,1428.1330412928892,8.3
468,SPX,1432.56,SPX121222P01290000,,put,2012-12-22,2012-10-10,1290.0,8.62,8.0,9.0,200,18807,0.206,-0.125,0.0016,-71.541,131.1137,0.9004858435248786,0.2,-0.015436736910454937,1428.1440099895729,8.5
469,SPX,1432.56,SPX121222P01295000,,put,2012-12-22,2012-10-10,1295.0,9.3,8.5,9.9,1,0,0.2056,-0.1335,0.0016,-74.7925,137.1949,0.9039760987323393,0.2,-0.015592021042117637,1428.099657057811,9.2
470,SPX,1432.56,SPX121222P01300000,,put,2012-12-22,2012-10-10,1300.0,9.8,9.0,9.6,4470,157240,0.2007,-0.1375,0.0017,-74.6155,139.9806,0.9074663539398001,0.2,-0.01573806481011655,1428.0579446559987,9.3
471,SPX,1432.56,SPX121222P01320000,,put,2012-12-22,2012-10-10,1320.0,11.98,11.1,12.7,21,1548,0.1945,-0.1717,0.002,-84.2199,162.123,0.9214273747696432,0.2,-0.01600315151164741,1427.9822348289545,11.899999999999999
472,SPX,1432.56,SPX121222C01325000,,call,2012-12-22,2012-10-10,1325.0,114.5,112.7,116.0,44,29243,0.191,0.8165,0.0021,-57.5076,166.514,0.9249176299771039,0.2,-0.02321348399343267,1425.9244735616076,114.35
473,SPX,1432.56,SPX121222P01325000,,put,2012-12-22,2012-10-10,1325.0,12.0,11.8,12.6,4822,76709,0.1904,-0.1784,0.0021,-84.6432,166.1145,0.9249176299771039,0.2,-0.016061488230940113,1427.9655741663898,12.2
474,SPX,1432.56,SPX121222P01330000,,put,2012-12-22,2012-10-10,1330.0,13.0,12.5,14.0,3011,3274,0.1904,-0.1902,0.0022,-88.2057,172.8644,0.9284078851845647,0.2,-0.016098301890991318,1427.9550604772521,13.25
475,SPX,1432.56,SPX121222P01340000,,put,2012-12-22,2012-10-10,1340.0,15.05,14.0,15.6,10,535,0.1864,-0.2107,0.0024,-92.1652,183.8102,0.9353883955994863,0.2,-0.016232191967829566,1427.9168231866602,14.8
476,SPX,1432.56,SPX121222C01350000,,call,2012-12-22,2012-10-10,1350.0,94.5,91.8,94.8,8,69001,0.1812,0.7637,0.0026,-67.5411,194.1502,0.9423689060144078,0.2,-0.022189637389772757,1426.2164890443596,93.3
477,SPX,1432.56,SPX121222P01350000,,put,2012-12-22,2012-10-10,1350.0,16.6,15.7,17.3,4497,140840,0.1823,-0.2331,0.0026,-95.8818,194.7034,0.9423689060144078,0.2,-0.016375051060453505,1427.876025589153,16.5
478,SPX,1432.56,SPX121222P01360000,,put,2012-12-22,2012-10-10,1360.0,18.4,17.5,19.2,3772,9502,0.178,-0.2574,0.0028,-99.2114,205.3511,0.9493494164293294,0.2,-0.016470685160127816,1427.8487151227043,18.35
479,SPX,1432.56,SPX121222P01365000,,put,2012-12-22,2012-10-10,1365.0,19.6,18.6,20.3,4,0,0.1762,-0.2708,0.0029,-101.018,210.6974,0.9528396716367901,0.2,-0.01657355130906054,1427.8193399651598,19.450000000000003
480,SPX,1432.56,SPX121222P01370000,,put,2012-12-22,2012-10-10,1370.0,20.0,19.7,21.4,204,14731,0.1742,-0.2845,0.003,-102.5845,215.8331,0.9563299268442509,0.2,-0.016591330009661523,1427.8142630196742,20.549999999999997
481,SPX,1432.56,SPX121222C01375000,,call,2012-12-22,2012-10-10,1375.0,0.0,72.9,74.5,3,33173,0.1721,0.6968,0.0032,-76.5424,220.7803,0.9598201820517117,0.2,-0.02158548462158398,1426.388829984154,73.7
482,SPX,1432.56,SPX121222P01375000,,put,2012-12-22,2012-10-10,1375.0,21.4,21.5,22.6,11989,55491,0.1738,-0.3003,0.0031,-105.1837,221.2849,0.9598201820517117,0.2,-0.016688032505232188,1427.786648646224,22.05
483,SPX,1432.56,SPX121222P01380000,,put,2012-12-22,2012-10-10,1380.0,23.07,22.1,23.9,100,6356,0.1705,-0.314,0.0033,-105.6017,225.6713,0.9633104372591724,0.2,-0.01670077841423076,1427.7830089631245,23.0
484,SPX,1432.56,SPX121222P01385000,,put,2012-12-22,2012-10-10,1385.0,24.17,23.3,25.2,10,1539,0.1683,-0.3294,0.0034,-106.6748,230.1676,0.9668006924666332,0.2,-0.016800663804226734,1427.754486315489,24.25
485,SPX,1432.56,SPX121222P01390000,,put,2012-12-22,2012-10-10,1390.0,24.5,24.7,26.5,200,15634,0.1662,-0.3455,0.0035,-107.6765,234.4256,0.970290947674094,0.2,-0.016883650780013817,1427.730789506745,25.6
486,SPX,1432.56,SPX121222P01395000,,put,2012-12-22,2012-10-10,1395.0,27.85,26.1,28.0,73,412,0.1643,-0.3623,0.0036,-108.6579,238.404,0.9737812028815548,0.2,-0.016903849313398854,1427.7250219047914,27.05
487,SPX,1432.56,SPX121222C01400000,,call,2012-12-22,2012-10-10,1400.0,55.7,55.0,56.0,12982,86252,0.1617,0.6162,0.0037,-81.6496,241.9422,0.9772714580890155,0.2,-0.021177288806377877,1426.5052839279417,55.5
488,SPX,1432.56,SPX121222P01400000,,put,2012-12-22,2012-10-10,1400.0,29.25,28.2,29.2,2232,92976,0.1628,-0.3799,0.0037,-109.7334,242.056,0.9772714580890155,0.2,-0.01690565147380277,1427.7245073069837,28.7
489,SPX,1432.56,SPX121222P01405000,,put,2012-12-22,2012-10-10,1405.0,29.3,29.1,31.1,20,60,0.16,-0.3975,0.0038,-109.7599,245.176,0.9807617132964763,0.2,-0.01697150823468429,1427.7057023685309,30.1
490,SPX,1432.56,SPX121222P01415000,,put,2012-12-22,2012-10-10,1415.0,33.6,32.7,34.7,2,118,0.1566,-0.4355,0.0039,-110.6576,250.1691,0.9877422237113979,0.2,-0.017066128924989286,1427.6786845243541,33.7
491,SPX,1432.56,SPX121222P01420000,,put,2012-12-22,2012-10-10,1420.0,35.9,34.6,36.6,1,2404,0.1547,-0.4552,0.004,-110.6427,251.8349,0.9912324789188586,0.2,-0.01706921972673207,1427.6778019902738,35.6
492,SPX,1432.56,SPX121222C01425000,,call,2012-12-22,2012-10-10,1425.0,39.0,38.5,40.6,6277,40119,0.152,0.52,0.0041,-82.6142,252.8914,0.9947227341263194,0.2,-0.02096188219352809,1426.5667409860425,39.55
493,SPX,1432.56,SPX121222P01425000,,put,2012-12-22,2012-10-10,1425.0,38.0,36.6,38.6,5786,34010,0.1528,-0.4755,0.0041,-110.3906,252.8905,0.9947227341263194,0.2,-0.017134067168672912,1427.6592858596714,37.6
494,SPX,1432.56,SPX121222C01430000,,call,2012-12-22,2012-10-10,1430.0,37.5,35.6,37.6,8494,19574,0.1499,0.4991,0.0042,-82.006,253.2874,0.9982129893337801,0.2,-0.02093422137916688,1426.5746330074319,36.6
495,SPX,1432.56,SPX121222P01430000,,put,2012-12-22,2012-10-10,1430.0,38.5,38.5,40.8,8585,19744,0.1507,-0.4963,0.0041,-109.764,253.2871,0.9982129893337801,0.2,-0.017172959514520192,1427.6481808991216,39.65
496,SPX,1432.56,SPX121222C01435000,,call,2012-12-22,2012-10-10,1435.0,39.0,32.8,34.8,8289,14480,0.1481,0.4778,0.0042,-81.3297,252.9687,1.0017032445412408,0.2,-0.02089555002741452,1426.5856665639867,33.8
497,SPX,1432.56,SPX121222P01435000,,put,2012-12-22,2012-10-10,1435.0,38.0,40.7,42.9,8805,16639,0.1487,-0.5176,0.0042,-108.9439,252.9746,1.0017032445412408,0.2,-0.01722056283798877,1427.6345888041938,41.8
498,SPX,1432.56,SPX121222C01440000,,call,2012-12-22,2012-10-10,1440.0,31.18,30.2,32.1,14,13375,0.1464,0.4561,0.0042,-80.4504,251.896,1.0051934997487018,0.2,-0.02091224451105191,1426.5809033497253,31.15
499,SPX,1432.56,SPX121222P01440000,,put,2012-12-22,2012-10-10,1440.0,40.2,43.1,45.3,20,16416,0.1472,-0.5391,0.0042,-108.1753,251.9204,1.0051934997487018,0.2,-0.017245079787360156,1427.6275885723694,44.2
500,SPX,1432.56,SPX121222P01445000,,put,2012-12-22,2012-10-10,1445.0,42.85,45.4,47.7,20,14259,0.145,-0.5612,0.0042,-106.6927,250.0532,1.0086837549561625,0.2,-0.017216561213240722,1427.6357313762314,46.55
501,SPX,1432.56,SPX121222C01450000,,call,2012-12-22,2012-10-10,1450.0,26.0,25.3,26.4,5158,156749,0.1419,0.4111,0.0043,-77.1722,247.2363,1.0121740101636232,0.2,-0.020867326666182264,1426.5937191952332,25.85
502,SPX,1432.56,SPX121222P01450000,,put,2012-12-22,2012-10-10,1450.0,49.45,47.9,50.3,7611,89451,0.1432,-0.5834,0.0042,-105.1901,247.3755,1.0121740101636232,0.2,-0.01718552361103375,1427.6445934817225,49.099999999999994
503,SPX,1432.56,SPX121222C01455000,,call,2012-12-22,2012-10-10,1455.0,24.4,22.9,24.6,14,35972,0.1412,0.3895,0.0042,-76.1161,243.8161,1.015664265371084,0.2,-0.020856194019624748,1426.5968955515007,23.75
504,SPX,1432.56,SPX121222P01455000,,put,2012-12-22,2012-10-10,1455.0,51.61,50.5,53.1,5,37808,0.1415,-0.6058,0.0042,-103.4787,243.8644,1.015664265371084,0.2,-0.01721610171869413,1427.635862574404,51.8
505,SPX,1432.56,SPX121222C01460000,,call,2012-12-22,2012-10-10,1460.0,21.6,20.7,22.4,19,23391,0.1398,0.3673,0.0042,-74.3462,239.4983,1.0191545205785448,0.2,-0.020881327577332284,1426.5897244784444,21.549999999999997
506,SPX,1432.56,SPX121222P01460000,,put,2012-12-22,2012-10-10,1460.0,50.5,53.3,55.9,2,22755,0.1398,-0.6282,0.0042,-101.4983,239.4983,1.0191545205785448,0.2,-0.017154120055832403,1427.6535601330409,54.599999999999994
507,SPX,1432.56,SPX121222C01465000,,call,2012-12-22,2012-10-10,1465.0,20.3,18.7,20.3,1,13617,0.1373,0.3439,0.0042,-71.5886,234.0234,1.0226447757860055,0.2,-0.020835199388947824,1426.6028857390663,19.5
508,SPX,1432.56,SPX121222C01470000,,call,2012-12-22,2012-10-10,1470.0,18.6,16.8,18.3,7,1742,0.1356,0.3213,0.0041,-69.1009,227.8641,1.0261350309934663,0.2,-0.020906969938542637,1426.582408271402,17.55
509,SPX,1432.56,SPX121222C01475000,,call,2012-12-22,2012-10-10,1475.0,16.0,15.0,16.5,1323,52532,0.1341,0.2993,0.0041,-66.5101,220.9521,1.029625286200927,0.2,-0.020865751877612762,1426.5941685120006,15.75
510,SPX,1432.56,SPX121222C01480000,,call,2012-12-22,2012-10-10,1480.0,14.4,13.3,14.7,5254,8866,0.1322,0.2769,0.004,-63.4223,213.0126,1.033115541408388,0.2,-0.020865627934257912,1426.5942038753744,14.0
511,SPX,1432.56,SPX121222C01485000,,call,2012-12-22,2012-10-10,1485.0,13.8,11.8,13.1,150,668,0.1307,0.2554,0.0038,-60.4113,204.5327,1.0366057966158486,0.2,-0.02096675251136336,1426.565351420031,12.45
512,SPX,1432.56,SPX121222C01490000,,call,2012-12-22,2012-10-10,1490.0,10.95,10.4,11.7,130,1405,0.1295,0.2351,0.0037,-57.4426,195.6213,1.0400960518233093,0.2,-0.020934413047176838,1426.5745783216887,11.05
513,SPX,1432.56,SPX121222C01495000,,call,2012-12-22,2012-10-10,1495.0,11.9,9.1,10.4,170,7096,0.1281,0.215,0.0036,-54.1881,185.9718,1.04358630703077,0.2,-0.02094533851210433,1426.57146112699,9.75
514,SPX,1432.56,SPX121222C01500000,,call,2012-12-22,2012-10-10,1500.0,8.39,8.2,9.2,12465,150258,0.1277,0.1975,0.0034,-51.5524,176.8794,1.047076562238231,0.2,-0.021024376505567925,1426.548910636061,8.7
515,SPX,1432.56,SPX121222P01500000,,put,2012-12-22,2012-10-10,1500.0,75.0,80.1,83.1,200,42017,0.1279,-0.7977,0.0034,-78.7192,177.0913,1.047076562238231,0.2,-0.016525303833627512,1427.8331177673397,81.6
516,SPX,1432.56,SPX121222C01510000,,call,2012-12-22,2012-10-10,1510.0,6.7,6.0,7.2,74,2701,0.1251,0.1615,0.0031,-44.7489,155.8524,1.0540570726531524,0.2,-0.021054539605485836,1426.540304834553,6.6
517,SPX,1432.56,SPX121222C01515000,,call,2012-12-22,2012-10-10,1515.0,6.0,5.2,6.3,88,4955,0.1242,0.1456,0.0029,-41.5943,145.5157,1.0575473278606131,0.2,-0.021081976748851004,1426.5324768178589,5.75
518,SPX,1432.56,SPX121222C01520000,,call,2012-12-22,2012-10-10,1520.0,5.02,4.4,5.6,10,1119,0.1235,0.131,0.0027,-38.5933,135.4201,1.061037583068074,0.2,-0.021145621644015563,1426.5143186314397,5.0
519,SPX,1432.56,SPX121222C01525000,,call,2012-12-22,2012-10-10,1525.0,4.25,3.9,4.9,522,75160,0.1234,0.1185,0.0025,-36.0593,126.2889,1.0645278382755348,0.2,-0.021250279897183297,1426.484459644598,4.4
520,SPX,1432.56,SPX121222C01530000,,call,2012-12-22,2012-10-10,1530.0,3.85,3.3,4.3,227,2334,0.1222,0.1048,0.0023,-32.7779,115.6613,1.0680180934829955,0.2,-0.021277392172705745,1426.47672461763,3.8
521,SPX,1432.56,SPX121222C01540000,,call,2012-12-22,2012-10-10,1540.0,2.8,2.2,3.3,35,3374,0.1198,0.0803,0.0019,-26.5083,95.0078,1.0749986038979171,0.2,-0.02143129716524676,1426.4328169154624,2.75
522,SPX,1432.56,SPX121222C01550000,,call,2012-12-22,2012-10-10,1550.0,2.25,2.05,2.35,1146,88740,0.1213,0.0662,0.0017,-23.2595,81.9485,1.0819791143128386,0.2,-0.0215261210761708,1426.4057651843043,2.2
523,SPX,1432.56,SPX121222C01560000,,call,2012-12-22,2012-10-10,1560.0,1.5,1.1,1.85,3483,2690,0.1182,0.0477,0.0013,-17.5666,63.3014,1.0889596247277602,0.2,-0.02161741406395079,1426.3797212532497,1.475
524,SPX,1432.56,SPX121222C01570000,,call,2012-12-22,2012-10-10,1570.0,1.05,0.75,1.3,210,17661,0.1167,0.035,0.001,-13.5242,49.195,1.0959401351426816,0.2,-0.021563135064477146,1426.395205830126,1.025
525,SPX,1432.56,SPX121222C01575000,,call,2012-12-22,2012-10-10,1575.0,1.2,1.0,1.1,50,29211,0.1167,0.0305,0.0009,-12.1035,43.9528,1.0994303903501423,0.2,-0.021735365531775398,1426.3460729337787,1.05
526,SPX,1432.56,SPX121222C01580000,,call,2012-12-22,2012-10-10,1580.0,0.65,0.5,0.95,10,504,0.1163,0.0261,0.0008,-10.6159,38.6232,1.1029206455576033,0.2,-0.02184506586745746,1426.314779148474,0.725
527,SPX,1432.56,SPX121222C01590000,,call,2012-12-22,2012-10-10,1590.0,0.83,0.3,0.95,8,3889,0.1167,0.0199,0.0006,-8.4993,30.7223,1.1099011559725247,0.2,-0.021918724956886935,1426.2937670936728,0.625
528,SPX,1432.56,SPX121222C01600000,,call,2012-12-22,2012-10-10,1600.0,0.5,0.4,0.6,879,183868,0.1167,0.0148,0.0005,-6.6032,23.8032,1.1168816663874463,0.2,-0.02177584888985407,1426.3345243247686,0.5
529,SPX,1432.56,SPX121222C01625000,,call,2012-12-22,2012-10-10,1625.0,0.25,0.05,0.45,12,1491,0.1167,0.0067,0.0003,-3.3198,11.8967,1.1343329424247501,0.2,-0.021901803248893906,1426.2985941671689,0.25
530,SPX,1432.56,SPX121222C01675000,,call,2012-12-22,2012-10-10,1675.0,0.15,0.1,0.2,9,70,0.1167,0.0011,0.0,-0.6676,2.3712,1.169235494499358,0.2,-0.024036634577130876,1425.689742771472,0.15000000000000002
531,SPX,1432.56,SPX121222C01700000,,call,2012-12-22,2012-10-10,1700.0,0.15,0.1,0.15,71,25138,0.1167,0.0004,0.0,-0.269,0.9523,1.1866867705366617,0.2,-0.025892348434226723,1425.160706509221,0.125
532,SPX,1432.56,SPX121222C01800000,,call,2012-12-22,2012-10-10,1800.0,0.05,0.0,0.05,100,55939,0.1167,0.0,0.0,-0.0038,0.0132,1.256491874685877,0.2,-inf,0.0,0.025
533,SPX,1432.56,SPXQ121231P01070000,,put,2012-12-31,2012-10-10,1070.0,1.45,1.05,1.75,40,98,0.3003,-0.0178,0.0002,-20.44,29.6235,0.7469146143966047,0.22465753424657534,-0.012548402790606678,1428.5271669399308,1.4
534,SPX,1432.56,SPXQ121231P01100000,,put,2012-12-31,2012-10-10,1100.0,1.8,1.5,2.15,40,9062,0.2877,-0.0236,0.0003,-24.9531,37.6685,0.7678561456413693,0.22465753424657534,-0.012621731786971457,1428.5036337036327,1.825
535,SPX,1432.56,SPXQ121231P01200000,,put,2012-12-31,2012-10-10,1200.0,4.4,3.8,5.0,175,5633,0.2438,-0.0591,0.0007,-45.082,79.5019,0.8376612497905848,0.22465753424657534,-0.014581277238930863,1427.8749067365325,4.4
536,SPX,1432.56,SPXQ121231P01280000,,put,2012-12-31,2012-10-10,1280.0,8.72,8.6,10.1,1,0,0.2103,-0.1262,0.0015,-69.4386,139.9514,0.8935053331099571,0.22465753424657534,-0.015513920267753646,1427.5757621826103,9.35
537,SPX,1432.56,SPXQ121231P01290000,,put,2012-12-31,2012-10-10,1290.0,9.48,9.5,11.0,1,0,0.2058,-0.1385,0.0016,-72.6097,149.1646,0.9004858435248786,0.22465753424657534,-0.01575117221839432,1427.499673796675,10.25
538,SPX,1432.56,SPXQ121231P01300000,,put,2012-12-31,2012-10-10,1300.0,11.15,10.3,12.2,1,6017,0.2013,-0.152,0.0017,-75.8046,158.7694,0.9074663539398001,0.22465753424657534,-0.015921540372312026,1427.445038021165,11.25
539,SPX,1432.56,SPXQ121231P01310000,,put,2012-12-31,2012-10-10,1310.0,12.2,11.5,13.4,25,0,0.1974,-0.1674,0.0019,-79.4344,169.1607,0.9144468643547217,0.22465753424657534,-0.01589814863812729,1427.4525394491527,12.45
540,SPX,1432.56,SPXQ121231P01325000,,put,2012-12-31,2012-10-10,1325.0,14.1,13.5,15.4,1500,12226,0.1913,-0.1932,0.0021,-84.6257,185.0339,0.9249176299771039,0.22465753424657534,-0.01613153982712355,1427.3776956652214,14.45
541,SPX,1432.56,SPXQ121231P01350000,,put,2012-12-31,2012-10-10,1350.0,17.3,17.7,19.6,4,4008,0.1815,-0.245,0.0026,-92.979,212.1125,0.9423689060144078,0.22465753424657534,-0.016350689306392822,1427.3074224788195,18.65
542,SPX,1432.56,SPXQ121231C01400000,,call,2012-12-31,2012-10-10,1400.0,58.75,56.1,59.1,4,3388,0.1621,0.6086,0.0035,-77.0736,257.8715,0.9772714580890155,0.22465753424657534,-0.02119633070104001,1425.754486987003,57.6
543,SPX,1432.56,SPXQ121231P01400000,,put,2012-12-31,2012-10-10,1400.0,31.14,30.0,32.3,6,8432,0.1621,-0.3865,0.0035,-104.1903,257.8715,0.9772714580890155,0.22465753424657534,-0.016825265055495846,1427.1552553301747,31.15
544,SPX,1432.56,SPXQ121231P01420000,,put,2012-12-31,2012-10-10,1420.0,38.24,37.1,39.6,3,0,0.1551,-0.4582,0.0038,-105.2865,267.1284,0.9912324789188586,0.22465753424657534,-0.016877223088570932,1427.138596581493,38.35
545,SPX,1432.56,SPXQ121231C01425000,,call,2012-12-31,2012-10-10,1425.0,41.7,40.4,43.0,4,989,0.1526,0.5177,0.0038,-77.6002,268.099,0.9947227341263194,0.22465753424657534,-0.020906917054361818,1425.8471910693302,41.7
546,SPX,1432.56,SPXQ121231P01425000,,put,2012-12-31,2012-10-10,1425.0,39.75,39.0,41.6,1,1793,0.153,-0.4773,0.0038,-104.8737,268.0982,0.9947227341263194,0.22465753424657534,-0.016879687914030553,1427.1378063156874,40.3
547,SPX,1432.56,SPXQ121231C01440000,,call,2012-12-31,2012-10-10,1440.0,33.25,32.2,34.5,3,800,0.1474,0.4577,0.004,-75.7962,267.0963,1.0051934997487018,0.22465753424657534,-0.020841494351922396,1425.8681479018958,33.35
548,SPX,1432.56,SPXQ121231C01450000,,call,2012-12-31,2012-10-10,1450.0,31.0,27.2,29.4,3,3373,0.1441,0.4163,0.004,-73.574,262.8098,1.0121740101636232,0.22465753424657534,-0.02078075560297353,1425.8876046009236,28.299999999999997
549,SPX,1432.56,SPXQ121231P01450000,,put,2012-12-31,2012-10-10,1450.0,51.9,50.4,53.2,5,867,0.1439,-0.5789,0.004,-100.4051,262.7892,1.0121740101636232,0.22465753424657534,-0.016932158590711212,1427.1209834102222,51.8
550,SPX,1432.56,SPXQ121231C01460000,,call,2012-12-31,2012-10-10,1460.0,23.55,22.7,24.7,3,0,0.1411,0.3745,0.004,-70.626,255.4528,1.0191545205785448,0.22465753424657534,-0.02074877823759865,1425.8978481516117,23.7
551,SPX,1432.56,SPXQ121231C01475000,,call,2012-12-31,2012-10-10,1475.0,19.93,16.7,18.7,2,1070,0.1355,0.3103,0.0038,-63.879,238.018,1.029625286200927,0.22465753424657534,-0.020736083804549568,1425.9019146755227,17.7
552,SPX,1432.56,SPXQ121231C01500000,,call,2012-12-31,2012-10-10,1500.0,10.5,9.5,11.0,1312,7688,0.1291,0.2126,0.0033,-50.942,195.91,1.047076562238231,0.22465753424657534,-0.020768040258209403,1425.8916777944235,10.25
553,SPX,1432.56,SPXQ121231C01520000,,call,2012-12-31,2012-10-10,1520.0,7.3,5.4,6.9,70,70,0.1246,0.1462,0.0027,-39.2682,154.7289,1.061037583068074,0.22465753424657534,-0.020818723489072846,1425.8754421570986,6.15
554,SPX,1432.56,SPXQ121231C01525000,,call,2012-12-31,2012-10-10,1525.0,6.0,4.7,5.9,1500,3967,0.1233,0.1312,0.0025,-36.1817,143.7189,1.0645278382755348,0.22465753424657534,-0.020806012056084858,1425.879514062778,5.300000000000001
555,SPX,1432.56,SPXQ121231C01550000,,call,2012-12-31,2012-10-10,1550.0,3.0,2.2,3.4,101,758,0.1211,0.0769,0.0018,-24.3802,97.4423,1.0819791143128386,0.22465753424657534,-0.02101007819726445,1425.8141461204239,2.8
556,SPX,1432.56,SPXQ121231C01560000,,call,2012-12-31,2012-10-10,1560.0,2.57,1.65,2.4,1,0,0.1194,0.0592,0.0015,-19.725,79.6531,1.0889596247277602,0.22465753424657534,-0.021145194693363387,1425.7708662760892,2.025
557,SPX,1432.56,SPXQ121231C01570000,,call,2012-12-31,2012-10-10,1570.0,1.93,1.1,1.85,1,0,0.1183,0.0455,0.0012,-15.8967,64.5558,1.0959401351426816,0.22465753424657534,-0.021050532595198793,1425.8011878309978,1.475
558,SPX,1432.56,SPXQ121231C01600000,,call,2012-12-31,2012-10-10,1600.0,0.8,0.4,1.05,40,2087,0.1206,0.0233,0.0007,-9.4441,37.2488,1.1168816663874463,0.22465753424657534,-0.02154814086733346,1425.641804361471,0.7250000000000001
559,SPX,1432.56,SPXQ121231C01625000,,call,2012-12-31,2012-10-10,1625.0,0.5,0.2,0.75,1,3,0.1127,0.0077,0.0003,-3.4039,14.2878,1.1343329424247501,0.22465753424657534,-0.021383208655081996,1425.6946300224674,0.475
560,SPX,1432.56,SPXQ121231C01630000,,call,2012-12-31,2012-10-10,1630.0,0.35,0.0,0.75,40,235,0.1127,0.0065,0.0002,-2.9581,12.4021,1.1378231976322108,0.22465753424657534,-0.022197186901678233,1425.4339422914663,0.375
561,SPX,1432.56,SPX130119P00875000,,put,2013-01-19,2012-10-10,875.0,0.45,0.2,0.65,1,11,0.2878,-0.0005,0.0,-0.6641,1.2458,0.6107946613056346,0.27671232876712326,-0.022740130591866324,1423.5739546219886,0.42500000000000004
562,SPX,1432.56,SPX130119P00900000,,put,2013-01-19,2012-10-10,900.0,0.55,0.35,0.75,1,2164,0.2878,-0.0009,0.0,-1.2118,2.2711,0.6282459373429385,0.27671232876712326,-0.013471749698905883,1427.229645351309,0.55
563,SPX,1432.56,SPX130119P00925000,,put,2013-01-19,2012-10-10,925.0,0.7,0.5,0.95,1,1607,0.2878,-0.0016,0.0,-2.1037,3.9387,0.6456972133802424,0.27671232876712326,-0.009405145125346702,1428.836581743566,0.725
564,SPX,1432.56,SPX130119P00950000,,put,2013-01-19,2012-10-10,950.0,0.9,0.65,1.1,1,1086,0.2878,-0.0028,0.0,-3.4867,6.5214,0.6631484894175462,0.27671232876712326,-0.010150623739932342,1428.5418672688863,0.875
565,SPX,1432.56,SPX130119P00975000,,put,2013-01-19,2012-10-10,975.0,1.1,0.9,1.3,1,6011,0.2878,-0.0047,0.0001,-5.5356,10.3418,0.6805997654548501,0.27671232876712326,-0.011024495386876734,1428.1964718097977,1.1
566,SPX,1432.56,SPX130119P01000000,,put,2013-01-19,2012-10-10,1000.0,1.5,1.15,1.6,9,377,0.2878,-0.0076,0.0001,-8.4428,15.7541,0.6980510414921539,0.27671232876712326,-0.012305878815718804,1427.6901593956616,1.375
567,SPX,1432.56,SPX130119P01025000,,put,2013-01-19,2012-10-10,1025.0,1.6,1.45,1.75,1,123,0.2878,-0.0118,0.0001,-12.404,23.1154,0.7155023175294578,0.27671232876712326,-0.012796132479414198,1427.4964931803245,1.6
568,SPX,1432.56,SPX130119P01050000,,put,2013-01-19,2012-10-10,1050.0,1.95,1.8,2.2,1,2764,0.2878,-0.0177,0.0002,-17.5976,32.7479,0.7329535935667616,0.27671232876712326,-0.013153895628315714,1427.3551816281008,2.0
569,SPX,1432.56,SPX130119P01075000,,put,2013-01-19,2012-10-10,1075.0,2.6,2.0,2.65,3,206,0.2878,-0.0257,0.0003,-24.1628,44.897,0.7504048696040655,0.27671232876712326,-0.013263897757162434,1427.3117351031224,2.325
570,SPX,1432.56,SPX130119P01100000,,put,2013-01-19,2012-10-10,1100.0,3.0,2.6,3.1,5150,2017,0.2798,-0.0327,0.0003,-28.7304,54.8039,0.7678561456413693,0.27671232876712326,-0.013714872108352871,1427.133631752148,2.85
571,SPX,1432.56,SPX130119P01120000,,put,2013-01-19,2012-10-10,1120.0,3.65,3.1,4.0,6,0,0.2748,-0.0402,0.0004,-33.4661,64.8908,0.7818171664712124,0.27671232876712326,-0.013906044648527394,1427.0581386669867,3.55
572,SPX,1432.56,SPX130119P01150000,,put,2013-01-19,2012-10-10,1150.0,4.1,4.0,4.9,4800,8972,0.262,-0.0511,0.0005,-38.8007,78.6694,0.8027586977159771,0.27671232876712326,-0.014311627180002354,1426.8979893659716,4.45
573,SPX,1432.56,SPX130119P01200000,,put,2013-01-19,2012-10-10,1200.0,6.35,6.1,7.1,3125,14779,0.2413,-0.0768,0.0008,-49.3973,108.0582,0.8376612497905848,0.27671232876712326,-0.014723160540395106,1426.7355086762013,6.6
574,SPX,1432.56,SPX130119P01225000,,put,2013-01-19,2012-10-10,1225.0,8.2,7.6,8.7,505,2035,0.2317,-0.0948,0.001,-55.7852,126.5913,0.8551125258278885,0.27671232876712326,-0.014705678928937036,1426.742410351024,8.149999999999999
575,SPX,1432.56,SPX130119P01250000,,put,2013-01-19,2012-10-10,1250.0,10.1,9.4,10.6,87,25418,0.2216,-0.1166,0.0012,-62.2409,146.9902,0.8725638018651924,0.27671232876712326,-0.014979236789304162,1426.6344145571534,10.0
576,SPX,1432.56,SPX130119P01260000,,put,2013-01-19,2012-10-10,1260.0,10.71,10.0,11.5,1,1,0.2168,-0.1259,0.0013,-64.4125,155.1448,0.879544312280114,0.27671232876712326,-0.015037154622574968,1426.6115506719023,10.75
577,SPX,1432.56,SPX130119P01275000,,put,2013-01-19,2012-10-10,1275.0,12.3,11.5,13.0,1452,11232,0.2112,-0.1431,0.0014,-68.7371,169.368,0.8900150779024962,0.27671232876712326,-0.01518667568716413,1426.5525268073059,12.25
578,SPX,1432.56,SPX130119P01280000,,put,2013-01-19,2012-10-10,1280.0,13.0,12.0,13.6,2,94,0.2094,-0.1494,0.0015,-70.2291,174.3179,0.8935053331099571,0.27671232876712326,-0.015254109475791037,1426.5259079268978,12.8
579,SPX,1432.56,SPX130119P01300000,,put,2013-01-19,2012-10-10,1300.0,15.55,14.5,16.1,6904,18389,0.2022,-0.1772,0.0017,-76.172,194.7437,0.9074663539398001,0.27671232876712326,-0.015369082851299322,1426.4805243683172,15.3
580,SPX,1432.56,SPX130119P01320000,,put,2013-01-19,2012-10-10,1320.0,18.3,17.4,19.1,4,17,0.1947,-0.2095,0.002,-81.7391,215.629,0.9214273747696432,0.27671232876712326,-0.015559581506864158,1426.4053318163778,18.25
581,SPX,1432.56,SPX130119C01325000,,call,2013-01-19,2012-10-10,1325.0,120.0,117.6,120.8,2,14,0.1919,0.7767,0.002,-56.3639,220.336,0.9249176299771039,0.27671232876712326,-0.022825411844493694,1423.540360987749,119.19999999999999
582,SPX,1432.56,SPX130119P01325000,,put,2013-01-19,2012-10-10,1325.0,18.0,18.2,19.9,1450,3677,0.1927,-0.2182,0.002,-82.9972,220.8157,0.9249176299771039,0.27671232876712326,-0.015524196906034654,1426.4192983261562,19.049999999999997
583,SPX,1432.56,SPX130119P01340000,,put,2013-01-19,2012-10-10,1340.0,21.75,20.9,22.7,34,1,0.1874,-0.2473,0.0022,-87.0186,236.6705,0.9353883955994863,0.27671232876712326,-0.0156187473481002,1426.381979016827,21.799999999999997
584,SPX,1432.56,SPX130119P01350000,,put,2013-01-19,2012-10-10,1350.0,23.0,22.9,24.7,2025,16213,0.1836,-0.2683,0.0024,-89.3198,246.8484,0.9423689060144078,0.27671232876712326,-0.01568240120735381,1426.3568552203067,23.799999999999997
585,SPX,1432.56,SPX130119P01375000,,put,2013-01-19,2012-10-10,1375.0,29.0,29.5,30.7,3785,10003,0.1758,-0.3291,0.0027,-95.0178,270.7535,0.9598201820517117,0.27671232876712326,-0.015805471688955443,1426.308281294158,30.1
586,SPX,1432.56,SPX130119P01380000,,put,2013-01-19,2012-10-10,1380.0,30.59,30.1,32.1,501,22,0.1727,-0.3414,0.0028,-95.0261,274.6347,0.9633104372591724,0.27671232876712326,-0.015836705246330705,1426.2959541780156,31.1
587,SPX,1432.56,SPX130119C01400000,,call,2013-01-19,2012-10-10,1400.0,63.02,61.3,63.7,4,2328,0.1652,0.5957,0.0031,-71.067,288.624,0.9772714580890155,0.27671232876712326,-0.02065855059610501,1424.3941677783355,62.5
588,SPX,1432.56,SPX130119P01400000,,put,2013-01-19,2012-10-10,1400.0,37.55,36.2,38.2,2205,15440,0.1656,-0.3986,0.0031,-97.1654,288.6528,0.9772714580890155,0.27671232876712326,-0.01590024670168689,1426.2708762587854,37.2
589,SPX,1432.56,SPX130119C01425000,,call,2013-01-19,2012-10-10,1425.0,46.9,45.7,47.8,105,4807,0.1562,0.5148,0.0034,-71.0375,297.5824,0.9947227341263194,0.27671232876712326,-0.02030263885459798,1424.534456383638,46.75
590,SPX,1432.56,SPX130119P01425000,,put,2013-01-19,2012-10-10,1425.0,46.5,45.3,47.5,520,7184,0.1566,-0.4793,0.0034,-97.0459,297.5811,0.9947227341263194,0.27671232876712326,-0.01592987592164795,1426.259182639201,46.4
591,SPX,1432.56,SPX130119C01440000,,call,2013-01-19,2012-10-10,1440.0,39.0,37.2,39.4,170,226,0.1511,0.462,0.0035,-69.437,296.7134,1.0051934997487018,0.27671232876712326,-0.020097572960825302,1424.6152928321385,38.3
592,SPX,1432.56,SPX130119P01440000,,put,2013-01-19,2012-10-10,1440.0,54.0,51.8,54.1,161,146,0.1514,-0.532,0.0035,-95.3417,296.7221,1.0051934997487018,0.27671232876712326,-0.015851923977244685,1426.2899477582043,52.95
593,SPX,1432.56,SPX130119C01450000,,call,2013-01-19,2012-10-10,1450.0,37.0,33.0,34.2,3208,6317,0.1494,0.4265,0.0035,-68.4876,293.1533,1.0121740101636232,0.27671232876712326,-0.02005575379796954,1424.6317784018042,33.6
594,SPX,1432.56,SPX130119P01450000,,put,2013-01-19,2012-10-10,1450.0,58.0,56.6,59.0,5010,10248,0.148,-0.5686,0.0035,-93.4435,293.025,1.0121740101636232,0.27671232876712326,-0.01584289186865559,1426.293512483137,57.8
595,SPX,1432.56,SPX130119C01460000,,call,2013-01-19,2012-10-10,1460.0,28.5,27.5,29.4,15,115,0.145,0.3886,0.0035,-65.4309,286.6654,1.0191545205785448,0.27671232876712326,-0.019945184449959553,1424.6753669625784,28.45
596,SPX,1432.56,SPX130119C01475000,,call,2013-01-19,2012-10-10,1475.0,23.1,21.3,22.9,15,12220,0.1397,0.3317,0.0034,-60.3329,271.5828,1.029625286200927,0.27671232876712326,-0.019834807814209085,1424.7188808826456,22.1
597,SPX,1432.56,SPX130119C01480000,,call,2013-01-19,2012-10-10,1480.0,21.25,19.4,21.0,19,22,0.1382,0.313,0.0034,-58.4771,265.1989,1.033115541408388,0.27671232876712326,-0.01985411734113457,1424.7112683676219,20.2
598,SPX,1432.56,SPX130119C01500000,,call,2013-01-19,2012-10-10,1500.0,14.23,13.4,14.5,1298,10061,0.1337,0.243,0.0031,-50.659,234.4187,1.047076562238231,0.27671232876712326,-0.0197662920098686,1424.7458926230015,13.95
599,SPX,1432.56,SPX130119C01505000,,call,2013-01-19,2012-10-10,1505.0,15.2,11.8,13.1,40,349,0.1318,0.2249,0.003,-47.9743,224.6227,1.0505668174456917,0.27671232876712326,-0.019770128008805794,1424.7443803013475,12.45
600,SPX,1432.56,SPX130119C01510000,,call,2013-01-19,2012-10-10,1510.0,13.83,10.5,11.8,20,343,0.1304,0.2081,0.0029,-45.5121,214.8013,1.0540570726531524,0.27671232876712326,-0.019788961805395345,1424.7369552030766,11.15
601,SPX,1432.56,SPX130119C01520000,,call,2013-01-19,2012-10-10,1520.0,9.1,8.3,9.6,40,210,0.1283,0.1774,0.0027,-40.8482,194.8897,1.061037583068074,0.27671232876712326,-0.019804598707641927,1424.730790488408,8.95
602,SPX,1432.56,SPX130119C01525000,,call,2013-01-19,2012-10-10,1525.0,8.15,7.4,8.3,26,10823,0.1266,0.1616,0.0026,-38.0557,183.5834,1.0645278382755348,0.27671232876712326,-0.019791444525732525,1424.7359764100845,7.8500000000000005
603,SPX,1432.56,SPX130119C01545000,,call,2013-01-19,2012-10-10,1545.0,5.1,4.4,5.6,4,0,0.1247,0.1146,0.0021,-29.9313,145.137,1.0784888591053778,0.27671232876712326,-0.019750792937898148,1424.7520030639187,5.0
604,SPX,1432.56,SPX130119C01550000,,call,2013-01-19,2012-10-10,1550.0,4.5,4.3,4.9,5,9253,0.1255,0.1068,0.0019,-28.7268,138.0504,1.0819791143128386,0.27671232876712326,-0.019857507618269956,1424.7099318017563,4.6
605,SPX,1432.56,SPX130119C01575000,,call,2013-01-19,2012-10-10,1575.0,2.5,2.25,2.8,5,1833,0.1228,0.0642,0.0014,-19.3664,94.1967,1.0994303903501423,0.27671232876712326,-0.019913114866837365,1424.6880096577302,2.525
606,SPX,1432.56,SPX130119C01600000,,call,2013-01-19,2012-10-10,1600.0,1.5,1.0,1.75,514,6129,0.1223,0.0382,0.0009,-12.8522,62.2474,1.1168816663874463,0.27671232876712326,-0.019972501622952846,1424.664597884241,1.375
607,SPX,1432.56,SPX130119C01620000,,call,2013-01-19,2012-10-10,1620.0,0.81,0.45,1.2,1,2,0.1212,0.0236,0.0006,-8.6028,41.8147,1.1308426872172894,0.27671232876712326,-0.020208403052437984,1424.5716033251324,0.825
608,SPX,1432.56,SPX130119C01625000,,call,2013-01-19,2012-10-10,1625.0,0.8,0.35,0.85,900,531,0.1179,0.0183,0.0005,-6.7358,33.6272,1.1343329424247501,0.27671232876712326,-0.019917550956743545,1424.686260824683,0.6
609,SPX,1432.56,SPX130119P01700000,,put,2013-01-19,2012-10-10,1700.0,273.0,273.0,275.9,1,10,0.1181,-0.9917,0.0001,-26.0437,5.6862,1.1866867705366617,0.27671232876712326,0.0737911800372284,1462.112024909141,274.45
610,SPX,1432.56,SPX130316P00700000,,put,2013-03-16,2012-10-10,700.0,0.4,0.4,0.5,5,4449,0.3102,-0.0002,0.0,-0.2203,0.5954,0.48863572904450775,0.4301369863013699,-0.038646870908664525,1408.9427563773481,0.45
611,SPX,1432.56,SPX130316P00750000,,put,2013-03-16,2012-10-10,750.0,0.65,0.6,0.75,6,8845,0.3102,-0.0006,0.0,-0.705,1.9016,0.5235382811191155,0.4301369863013699,-0.020711311854223414,1419.8544300132176,0.675
612,SPX,1432.56,SPX130316P00800000,,put,2013-03-16,2012-10-10,800.0,1.0,0.85,1.15,3,5599,0.3102,-0.0017,0.0,-1.8857,5.0755,0.5584408331937232,0.4301369863013699,-0.01721161810030388,1421.993414201825,1.0
613,SPX,1432.56,SPX130316P00825000,,put,2013-03-16,2012-10-10,825.0,1.1,0.7,1.2,1,1062,0.3102,-0.0027,0.0,-2.9093,7.8219,0.575892109231027,0.4301369863013699,-0.015152139946917428,1423.2536561696022,0.95
614,SPX,1432.56,SPX130316P00850000,,put,2013-03-16,2012-10-10,850.0,1.35,0.9,1.45,1,6480,0.3102,-0.0042,0.0,-4.3351,11.6413,0.5933433852683309,0.4301369863013699,-0.01508513345681338,1423.294677734537,1.175
615,SPX,1432.56,SPX130316P00875000,,put,2013-03-16,2012-10-10,875.0,1.7,1.2,1.85,2,1220,0.3102,-0.0064,0.0001,-6.2553,16.7763,0.6107946613056346,0.4301369863013699,-0.016875044016041597,1422.199295303379,1.525
616,SPX,1432.56,SPX130316P00900000,,put,2013-03-16,2012-10-10,900.0,2.0,1.5,2.0,2,9253,0.3102,-0.0093,0.0001,-8.7612,23.4659,0.6282459373429385,0.4301369863013699,-0.015628208539454604,1422.9622396537627,1.75
617,SPX,1432.56,SPX130316P00925000,,put,2013-03-16,2012-10-10,925.0,2.35,1.85,2.5,1,24,0.3102,-0.0133,0.0001,-11.9372,31.9273,0.6456972133802424,0.4301369863013699,-0.016308572519722134,1422.5458710920968,2.175
618,SPX,1432.56,SPX130316P00950000,,put,2013-03-16,2012-10-10,950.0,2.8,2.3,3.1,2,3103,0.3102,-0.0185,0.0002,-15.853,42.3374,0.6631484894175462,0.4301369863013699,-0.01654037794382488,1422.4040388363153,2.7
619,SPX,1432.56,SPX130316P00975000,,put,2013-03-16,2012-10-10,975.0,3.4,2.65,3.3,1,2022,0.3102,-0.0251,0.0002,-20.5576,54.8147,0.6805997654548501,0.4301369863013699,-0.01645974167775898,1422.4533752646116,2.9749999999999996
620,SPX,1432.56,SPX130316P01150000,,put,2013-03-16,2012-10-10,1150.0,10.4,9.5,11.0,13,28024,0.2538,-0.087,0.0007,-46.3167,148.033,0.8027586977159771,0.4301369863013699,-0.01689278516123781,1422.1884423674226,10.25
621,SPX,1432.56,SPX130316P01200000,,put,2013-03-16,2012-10-10,1200.0,14.53,13.4,15.1,30,26320,0.2372,-0.1211,0.0009,-55.53,188.1836,0.8376612497905848,0.4301369863013699,-0.016983778907199994,1422.132779320168,14.25
622,SPX,1432.56,SPX130316P01300000,,put,2013-03-16,2012-10-10,1300.0,27.75,26.7,28.7,33,35952,0.2047,-0.231,0.0016,-74.4252,284.1391,0.9074663539398001,0.4301369863013699,-0.017111822664781416,1422.0544555858467,27.7
623,SPX,1432.56,SPX130316C01325000,,call,2013-03-16,2012-10-10,1325.0,128.0,126.1,129.3,43,13357,0.1959,0.7205,0.0018,-49.4142,308.178,0.9249176299771039,0.4301369863013699,-0.026106666495270707,1416.5631353917229,127.7
624,SPX,1432.56,SPX130316P01325000,,put,2013-03-16,2012-10-10,1325.0,32.95,31.8,33.8,2112,19407,0.1969,-0.2703,0.0018,-78.5761,308.6305,0.9249176299771039,0.4301369863013699,-0.017132467719145755,1422.041827511855,32.8
625,SPX,1432.56,SPX130316P01340000,,put,2013-03-16,2012-10-10,1340.0,36.8,35.2,37.4,200,950,0.1923,-0.2966,0.0019,-80.7818,322.5366,0.9353883955994863,0.4301369863013699,-0.017140672388818296,1422.036808947553,36.3
626,SPX,1432.56,SPX130316P01350000,,put,2013-03-16,2012-10-10,1350.0,39.0,37.8,39.9,540,28169,0.1893,-0.3153,0.002,-82.1134,331.286,0.9423689060144078,0.4301369863013699,-0.017117256720317896,1422.0511316963248,38.849999999999994
627,SPX,1432.56,SPX130316P01375000,,put,2013-03-16,2012-10-10,1375.0,46.5,44.9,47.0,647,12879,0.1817,-0.3662,0.0022,-84.6658,350.421,0.9598201820517117,0.4301369863013699,-0.01711601223462111,1422.0518929195425,45.95
628,SPX,1432.56,SPX130316C01400000,,call,2013-03-16,2012-10-10,1400.0,75.3,73.0,74.5,12,42552,0.1717,0.5675,0.0024,-56.4702,364.0582,0.9772714580890155,0.4301369863013699,-0.023681339883738883,1418.0416972820335,73.75
629,SPX,1432.56,SPX130316P01400000,,put,2013-03-16,2012-10-10,1400.0,54.3,53.1,55.4,3017,35606,0.1739,-0.4229,0.0024,-85.8537,364.1189,0.9772714580890155,0.4301369863013699,-0.01700366192293345,1422.1206166946906,54.25
630,SPX,1432.56,SPX130316C01425000,,call,2013-03-16,2012-10-10,1425.0,59.0,58.0,59.4,205,10096,0.1645,0.5043,0.0026,-56.453,370.2105,0.9947227341263194,0.4301369863013699,-0.023127896779405098,1418.3793112951857,58.7
631,SPX,1432.56,SPX130316P01425000,,put,2013-03-16,2012-10-10,1425.0,64.5,62.8,65.2,1920,9047,0.1663,-0.4854,0.0025,-85.5631,370.2024,0.9947227341263194,0.4301369863013699,-0.016847411613987583,1422.2161992638048,64.0
632,SPX,1432.56,SPX130316C01450000,,call,2013-03-16,2012-10-10,1450.0,49.55,44.6,46.7,80,43512,0.1586,0.4371,0.0026,-55.1507,366.322,1.0121740101636232,0.4301369863013699,-0.02273227439672141,1418.6207000213863,45.650000000000006
633,SPX,1432.56,SPX130316P01450000,,put,2013-03-16,2012-10-10,1450.0,75.25,74.1,76.7,3,20998,0.1589,-0.5528,0.0026,-83.5419,366.3476,1.0121740101636232,0.4301369863013699,-0.01665302330957543,1422.3351208510576,75.4
634,SPX,1432.56,SPX130316C01475000,,call,2013-03-16,2012-10-10,1475.0,34.4,33.2,35.0,41,11781,0.1525,0.3676,0.0026,-51.8195,350.8685,1.029625286200927,0.4301369863013699,-0.0223977718340762,1418.8248285822772,34.1
635,SPX,1432.56,SPX130316C01500000,,call,2013-03-16,2012-10-10,1500.0,24.0,24.0,25.2,224,36972,0.146,0.2974,0.0025,-46.4379,322.9259,1.047076562238231,0.4301369863013699,-0.02211658956073767,1418.9964414185833,24.6
636,SPX,1432.56,SPX130316C01520000,,call,2013-03-16,2012-10-10,1520.0,18.62,17.4,18.8,30,0,0.1406,0.2424,0.0024,-40.8709,291.6753,1.061037583068074,0.4301369863013699,-0.021909447206001183,1419.1228790498603,18.1
637,SPX,1432.56,SPX130316P01525000,,put,2013-03-16,2012-10-10,1525.0,121.0,119.8,122.9,1,2,0.1399,-0.7599,0.0023,-67.6743,283.542,1.0645278382755348,0.4301369863013699,-0.015004426003998931,1423.3440886377305,121.35
638,SPX,1432.56,SPX130316C01550000,,call,2013-03-16,2012-10-10,1550.0,11.1,10.4,11.3,267,22059,0.1339,0.1686,0.002,-31.8903,235.1435,1.0819791143128386,0.4301369863013699,-0.02172385659956691,1419.2361712772745,10.850000000000001
639,SPX,1432.56,SPX130316C01650000,,call,2013-03-16,2012-10-10,1650.0,0.0,1.2,1.9,1,1675,0.1238,0.0349,0.0007,-9.4108,72.0604,1.151784218462054,0.4301369863013699,-0.02140134758276032,1419.4330657134954,1.5499999999999998
640,SPX,1432.56,SPXQ130328P01150000,,put,2013-03-28,2012-10-10,1150.0,12.0,11.0,12.9,2,5,0.255,-0.0951,0.0007,-47.9575,164.1297,0.8027586977159771,0.46301369863013697,-0.016095183117638107,1421.9238282018523,11.95
641,SPX,1432.56,SPXQ130328C01475000,,call,2013-03-28,2012-10-10,1475.0,38.77,35.8,38.2,1,1258,0.1553,0.375,0.0025,-51.2115,366.2834,1.029625286200927,0.46301369863013697,-0.021728257106955695,1418.2200123198852,37.0
642,SPX,1432.56,SPX130622P00600000,,put,2013-06-22,2012-10-10,600.0,1.05,0.9,1.1,60,2445,0.3378,-0.0007,0.0,-0.7464,2.9972,0.4188306248952924,0.6986301369863014,-0.011663127879698816,1420.9346238561652,1.0
643,SPX,1432.56,SPX130622P00700000,,put,2013-06-22,2012-10-10,700.0,1.75,1.35,1.95,1,2563,0.3378,-0.0042,0.0,-3.6719,14.6777,0.48863572904450775,0.6986301369863014,-0.016971622628863627,1415.6745998601716,1.65
644,SPX,1432.56,SPX130622P00750000,,put,2013-06-22,2012-10-10,750.0,2.55,2.05,2.8,1,10538,0.3378,-0.0083,0.0001,-6.8035,27.1275,0.5235382811191155,0.6986301369863014,-0.015253969674867626,1417.374434911073,2.425
645,SPX,1432.56,SPX130622P00800000,,put,2013-06-22,2012-10-10,800.0,3.4,2.7,3.6,1,10137,0.3378,-0.0152,0.0001,-11.4788,45.6459,0.5584408331937232,0.6986301369863014,-0.016075037408337225,1416.5616299570552,3.1500000000000004
646,SPX,1432.56,SPX130622P00850000,,put,2013-06-22,2012-10-10,850.0,4.6,3.9,4.8,1,4027,0.3378,-0.0255,0.0001,-17.8947,70.9523,0.5933433852683309,0.6986301369863014,-0.015526529382941523,1417.1045663966415,4.35
647,SPX,1432.56,SPX130622P01000000,,put,2013-06-22,2012-10-10,1000.0,10.0,9.7,11.2,250,23819,0.2943,-0.0619,0.0003,-32.4073,145.4632,0.6980510414921539,0.6986301369863014,-0.01594297334945496,1416.6923335318352,10.45
648,SPX,1432.56,SPX130622P01100000,,put,2013-06-22,2012-10-10,1100.0,17.15,17.5,18.8,3000,25409,0.2674,-0.1068,0.0006,-44.9724,219.1982,0.7678561456413693,0.6986301369863014,-0.015962702849967716,1416.6728065124644,18.15
649,SPX,1432.56,SPX130622P01200000,,put,2013-06-22,2012-10-10,1200.0,29.6,28.4,31.1,2100,20917,0.2382,-0.1754,0.0009,-57.2429,306.9147,0.8376612497905848,0.6986301369863014,-0.016025458278933265,1416.6106969234088,29.75
650,SPX,1432.56,SPX130622P01250000,,put,2013-06-22,2012-10-10,1250.0,38.2,37.1,39.8,786,25452,0.2252,-0.2239,0.0011,-63.5056,355.2096,0.8725638018651924,0.6986301369863014,-0.01596104682521844,1416.6744455313126,38.45
651,SPX,1432.56,SPX130622P01300000,,put,2013-06-22,2012-10-10,1300.0,49.1,47.8,50.9,1355,26329,0.2121,-0.2831,0.0013,-68.7933,401.3131,0.9074663539398001,0.6986301369863014,-0.015908634623887342,1416.7263204857,49.349999999999994
652,SPX,1432.56,SPX130622P01325000,,put,2013-06-22,2012-10-10,1325.0,55.6,54.4,57.4,950,8189,0.2057,-0.3171,0.0014,-70.9486,422.1213,0.9249176299771039,0.6986301369863014,-0.015775780084963345,1416.8578217201978,55.9
653,SPX,1432.56,SPX130622P01350000,,put,2013-06-22,2012-10-10,1350.0,61.0,61.7,64.8,800,27317,0.1993,-0.3543,0.0015,-72.6235,440.3261,0.9423689060144078,0.6986301369863014,-0.015709539112662527,1416.9233924980545,63.25
654,SPX,1432.56,SPX130622P01375000,,put,2013-06-22,2012-10-10,1375.0,71.1,69.9,73.0,500,7670,0.1929,-0.3946,0.0016,-73.7254,454.9937,0.9598201820517117,0.6986301369863014,-0.015604404845129325,1417.0274692976795,71.45
655,SPX,1432.56,SPX130622P01400000,,put,2013-06-22,2012-10-10,1400.0,80.8,78.9,82.2,261,20963,0.1864,-0.4379,0.0017,-74.1291,465.0825,0.9772714580890155,0.6986301369863014,-0.015425583114878127,1417.2045099521724,80.55000000000001
656,SPX,1432.56,SPX130622P01450000,,put,2013-06-22,2012-10-10,1450.0,102.75,100.7,104.3,191,12450,0.1745,-0.5326,0.0019,-72.9699,467.0745,1.0121740101636232,0.6986301369863014,-0.01498383929083415,1417.6419487958137,102.5
657,SPX,1432.56,SPX130622C01525000,,call,2013-06-22,2012-10-10,1525.0,35.0,31.9,34.5,600,3382,0.1565,0.2978,0.0018,-37.7361,410.83,1.0645278382755348,0.6986301369863014,-0.022114116554699324,1410.5976294555212,33.2
658,SPX,1432.56,SPX130622C01550000,,call,2013-06-22,2012-10-10,1550.0,27.15,24.2,26.4,2050,10267,0.1514,0.2483,0.0017,-33.834,375.8206,1.0819791143128386,0.6986301369863014,-0.02182487535687473,1410.882701412616,25.299999999999997
659,SPX,1432.56,SPX130622C01800000,,call,2013-06-22,2012-10-10,1800.0,1.25,0.9,1.2,1,12361,0.1355,0.0184,0.0003,-4.7139,53.7814,1.256491874685877,0.6986301369863014,-0.020850309138741623,1411.8436439830425,1.05
660,SPX,1432.56,SPXQ130628P01350000,,put,2013-06-28,2012-10-10,1350.0,65.5,63.1,66.7,2,20,0.2004,-0.356,0.0015,-72.3361,446.1172,0.9423689060144078,0.7150684931506849,-0.015602267445885156,1416.6661983250856,64.9
661,SPX,1432.56,SPX130921P00650000,,put,2013-09-21,2012-10-10,650.0,2.65,2.0,2.75,1,3,0.3808,-0.0114,0.0001,-8.6524,41.4594,0.45373317696990006,0.947945205479452,-0.015664893997204013,1411.4444214128744,2.375
662,SPX,1432.56,SPX130921P00700000,,put,2013-09-21,2012-10-10,700.0,3.6,3.0,3.7,1,7,0.367,-0.0161,0.0001,-11.2833,55.9221,0.48863572904450775,0.947945205479452,-0.015428914841867605,1411.7601902253937,3.35
663,SPX,1432.56,SPX130921P01150000,,put,2013-09-21,2012-10-10,1150.0,35.4,33.7,37.3,4500,7,0.2511,-0.1683,0.0007,-50.7017,347.667,0.8027586977159771,0.947945205479452,-0.015471719322957295,1411.7029073788563,35.5
664,SPX,1432.56,SPX130921P01250000,,put,2013-09-21,2012-10-10,1250.0,55.0,53.2,56.9,10,2127,0.2281,-0.2547,0.001,-60.2599,442.6009,0.8725638018651924,0.947945205479452,-0.015249170467895657,1412.0007574573467,55.05
665,SPX,1432.56,SPX130921C01425000,,call,2013-09-21,2012-10-10,1425.0,94.0,91.2,95.5,300,3540,0.1871,0.4968,0.0015,-39.6534,543.9728,0.9947227341263194,0.947945205479452,-0.0246264446475532,1399.504903074748,93.35
666,SPX,1432.56,SPX130921C01450000,,call,2013-09-21,2012-10-10,1450.0,80.9,78.1,82.3,1300,3317,0.182,0.4567,0.0015,-39.1727,542.1716,1.0121740101636232,0.947945205479452,-0.024125876400286662,1400.1691415055407,80.19999999999999
667,SPX,1432.56,SPX130921C01575000,,call,2013-09-21,2012-10-10,1575.0,31.0,29.0,32.1,1300,804,0.1579,0.2492,0.0014,-29.4788,437.5743,1.0994303903501423,0.947945205479452,-0.022264300321400345,1402.6421623446001,30.55
668,SPX,1432.56,SPX130921C01600000,,call,2013-09-21,2012-10-10,1600.0,24.0,22.7,25.5,300,1101,0.1539,0.2112,0.0013,-26.5246,399.3775,1.1168816663874463,0.947945205479452,-0.0220451086199324,1402.9336360295292,24.1
669,SPX,1432.56,SPXQ130930P00500000,,put,2013-09-30,2012-10-10,500.0,1.15,0.95,1.15,2,10,0.4419,-0.0047,0.0,-4.481,19.1365,0.34902552074607696,0.9726027397260274,-0.01616477527080251,1410.213552831888,1.0499999999999998
670,SPX,1432.56,SPXQ130930P00700000,,put,2013-09-30,2012-10-10,700.0,3.8,3.7,3.9,31,88,0.3699,-0.0177,0.0001,-12.1497,61.275,0.48863572904450775,0.9726027397260274,-0.015661534950222933,1410.903954911312,3.8
671,SPX,1432.56,SPXQ130930P00800000,,put,2013-09-30,2012-10-10,800.0,6.9,6.7,6.8,6,44,0.3408,-0.0317,0.0001,-18.4119,100.0337,0.5584408331937232,0.9726027397260274,-0.015588755991397932,1411.0038293033313,6.75
672,SPX,1432.56,SPXQ130930C01700000,,call,2013-09-30,2012-10-10,1700.0,8.9,7.8,9.2,10,0,0.1418,0.0965,0.0008,-14.8252,239.9092,1.1866867705366617,0.9726027397260274,-0.0212375780175929,1403.272946329664,8.5
673,SPX,1432.56,SPX131221P00750000,,put,2013-12-21,2012-10-10,750.0,7.55,6.6,8.6,1,4099,0.3431,-0.0313,0.0001,-16.6214,109.8404,0.5235382811191155,1.1972602739726028,-0.015517118061164271,1406.191554025742,7.6
674,SPX,1432.56,SPX131221P00800000,,put,2013-12-21,2012-10-10,800.0,9.8,9.0,11.0,1,14196,0.3311,-0.0411,0.0002,-20.1335,137.2418,0.5584408331937232,1.1972602739726028,-0.015497613223870194,1406.2243923101869,10.0
675,SPX,1432.56,SPX131221P00975000,,put,2013-12-21,2012-10-10,975.0,23.21,21.3,24.5,1,2614,0.2887,-0.0938,0.0004,-34.0168,260.3946,0.6805997654548501,1.1972602739726028,-0.015383629677328179,1406.41630999642,22.9
676,SPX,1432.56,SPX131221P01000000,,put,2013-12-21,2012-10-10,1000.0,25.2,23.9,27.2,100,35851,0.283,-0.1045,0.0004,-36.2125,281.7091,0.6980510414921539,1.1972602739726028,-0.01535058398569162,1406.471954965315,25.549999999999997
677,SPX,1432.56,SPX131221P01100000,,put,2013-12-21,2012-10-10,1100.0,39.0,37.3,41.0,50,33655,0.2613,-0.1579,0.0006,-45.2335,374.2587,0.7678561456413693,1.1972602739726028,-0.015217482002822701,1406.696104983889,39.15
678,SPX,1432.56,SPX131221P01200000,,put,2013-12-21,2012-10-10,1200.0,58.3,56.4,60.1,355,36505,0.24,-0.2304,0.0008,-53.5242,470.295,0.8376612497905848,1.1972602739726028,-0.014986172958632802,1407.0857253131273,58.25
679,SPX,1432.56,SPX131221P01250000,,put,2013-12-21,2012-10-10,1250.0,69.8,68.7,72.7,6,26482,0.23,-0.2753,0.0009,-57.1352,515.5415,0.8725638018651924,1.1972602739726028,-0.014849055185947068,1407.3167394346183,70.7
680,SPX,1432.56,SPX131221P01300000,,put,2013-12-21,2012-10-10,1300.0,83.9,82.5,87.2,127,46773,0.2194,-0.3258,0.001,-59.8559,555.0602,0.9074663539398001,1.1972602739726028,-0.014629288425244488,1407.6870785368415,84.85
681,SPX,1432.56,SPX131221P01325000,,put,2013-12-21,2012-10-10,1325.0,94.0,90.7,93.0,5,14022,0.2124,-0.353,0.0011,-60.4505,571.6415,0.9249176299771039,1.1972602739726028,-0.014520985625927503,1407.8696204238763,91.85
682,SPX,1432.56,SPX131221C01400000,,call,2013-12-21,2012-10-10,1400.0,123.0,117.3,122.0,90,34944,0.1978,0.5273,0.0012,-34.727,604.532,0.9772714580890155,1.1972602739726028,-0.026385181784469323,1388.012855007181,119.65
683,SPX,1432.56,SPX131221P01400000,,put,2013-12-21,2012-10-10,1400.0,118.7,118.9,123.6,90,33117,0.1991,-0.4453,0.0012,-62.5137,604.4855,0.9772714580890155,1.1972602739726028,-0.013995506830578746,1408.7556390010827,121.25
684,SPX,1432.56,SPX131221C01450000,,call,2013-12-21,2012-10-10,1450.0,95.0,90.5,94.8,300,16259,0.1881,0.4591,0.0013,-34.4368,606.3907,1.0121740101636232,1.1972602739726028,-0.02523909762521641,1389.9187394533603,92.65
685,SPX,1432.56,SPX131221P01450000,,put,2013-12-21,2012-10-10,1450.0,140.1,141.9,146.2,10,10712,0.1894,-0.5131,0.0013,-62.0573,606.471,1.0121740101636232,1.1972602739726028,-0.013514280893767997,1409.5675312263236,144.05
686,SPX,1432.56,SPX131221P01500000,,put,2013-12-21,2012-10-10,1500.0,170.2,168.2,172.6,50,8520,0.1801,-0.5843,0.0013,-60.2669,588.4813,1.047076562238231,1.1972602739726028,-0.012838783957278383,1410.7079739335836,170.39999999999998
687,SPX,1432.56,SPX131221C01550000,,call,2013-12-21,2012-10-10,1550.0,53.0,48.1,51.8,2,6084,0.171,0.3161,0.0013,-30.1279,548.3758,1.0819791143128386,1.1972602739726028,-0.023610786452978004,1392.6310460828952,49.95
688,SPX,1432.56,SPX131221C01650000,,call,2013-12-21,2012-10-10,1650.0,24.0,21.5,24.3,100,6101,0.1561,0.1841,0.0011,-21.6559,412.4801,1.151784218462054,1.1972602739726028,-0.02252844938241704,1394.4368417100634,22.9
689,SPX,1432.56,SPX131221C01700000,,call,2013-12-21,2012-10-10,1700.0,14.8,13.6,15.7,10,17684,0.1506,0.1319,0.0009,-17.129,331.8503,1.1866867705366617,1.1972602739726028,-0.022177614488081216,1395.0226849420408,14.649999999999999
690,SPX,1432.56,SPX131221C01900000,,call,2013-12-21,2012-10-10,1900.0,2.65,1.3,2.8,220,8296,0.1387,0.0254,0.0003,-4.6304,92.2855,1.3262969788350925,1.1972602739726028,-0.021337862233671005,1396.4259488632952,2.05
691,SPX,1432.56,SPX131221C02000000,,call,2013-12-21,2012-10-10,2000.0,1.1,1.0,1.7,38,11787,0.1487,0.0167,0.0002,-3.5535,64.7905,1.3961020829843078,1.1972602739726028,-0.021439733132194057,1396.2556427901031,1.35
692,SPX,1432.56,SPX140118P01000000,,put,2014-01-18,2012-10-10,1000.0,27.23,26.0,28.1,3,1004,0.2789,-0.1078,0.0004,-35.4887,297.0863,0.6980510414921539,1.273972602739726,-0.015067629105233397,1405.3231929161693,27.05
693,SPX,1432.56,SPX140118P01100000,,put,2014-01-18,2012-10-10,1100.0,41.38,40.2,43.9,3,1001,0.2601,-0.1631,0.0006,-44.695,394.0063,0.7678561456413693,1.273972602739726,-0.014925299047245849,1405.5780356780895,42.05
694,SPX,1432.56,SPX140118C01550000,,call,2014-01-18,2012-10-10,1550.0,55.85,51.0,54.8,2,751,0.172,0.3216,0.0013,-29.3174,569.1462,1.0819791143128386,1.273972602739726,-0.02353481778245345,1390.2454864154392,52.9
695,SPX,1432.56,SPX140118P03000000,,put,2014-01-18,2012-10-10,3000.0,1594.0,1593.2,1596.1,10,10,0.1406,-0.9714,0.0,-21.8592,0.0084,2.094153124476462,1.273972602739726,0.3334080364879516,2190.6882362046845,1594.65
696,SPX,1432.56,SPX140621P00950000,,put,2014-06-21,2012-10-10,950.0,35.46,33.2,37.2,1,1003,0.289,-0.1124,0.0004,-33.1016,352.0155,0.6631484894175462,1.6958904109589041,-0.014585336006556066,1397.5600882368706,35.2
697,SPX,1432.56,SPX140621P01400000,,put,2014-06-21,2012-10-10,1400.0,156.0,153.3,158.1,800,2410,0.2068,-0.4443,0.001,-55.5646,712.0351,0.9772714580890155,1.6958904109589041,-0.012695786284291449,1402.045709751354,155.7
698,SPX,1432.56,SPX141220P00100000,,put,2014-12-20,2012-10-10,100.0,0.35,0.3,0.4,127,3433,0.656,-0.0007,0.0,-0.7813,5.0988,0.0698051041492154,2.1945205479452055,-0.013533678735371063,1390.638671440415,0.35
699,SPX,1432.56,SPX141220P00200000,,put,2014-12-20,2012-10-10,200.0,1.15,1.1,1.2,118,29823,0.5472,-0.0026,0.0,-2.1655,16.8031,0.1396102082984308,2.1945205479452055,-0.014710081320907287,1387.053173735027,1.15
700,SPX,1432.56,SPX141220P00250000,,put,2014-12-20,2012-10-10,250.0,1.6,1.55,1.8,54,5294,0.5076,-0.0039,0.0,-2.9545,24.6133,0.17451276037303848,2.1945205479452055,-0.01267720991935882,1393.2548881150333,1.675
701,SPX,1432.56,SPX141220P00300000,,put,2014-12-20,2012-10-10,300.0,2.2,2.1,2.2,6,2221,0.4698,-0.0054,0.0,-3.6299,32.5319,0.2094153124476462,2.1945205479452055,-0.014374748626822545,1388.074274184556,2.1500000000000004
702,SPX,1432.56,SPX141220P00350000,,put,2014-12-20,2012-10-10,350.0,3.05,2.95,3.3,18,332,0.4472,-0.0079,0.0,-4.8868,45.8262,0.24431786452225387,2.1945205479452055,-0.013593262290578265,1390.4568471197813,3.125
703,SPX,1432.56,SPX141220P01175000,,put,2014-12-20,2012-10-10,1175.0,101.0,97.6,107.4,1000,2107,0.2482,-0.2591,0.0006,-44.8992,669.9047,0.8202099737532809,2.1945205479452055,-0.012860433676164965,1392.6947892388914,102.5
704,SPX,1432.56,SPX141220P01200000,,put,2014-12-20,2012-10-10,1200.0,110.0,104.5,116.4,400,8117,0.2447,-0.2766,0.0006,-46.0342,691.4081,0.8376612497905848,2.1945205479452055,-0.0127103579748424,1393.153540743871,110.45
705,SPX,1432.56,SPX141220P01250000,,put,2014-12-20,2012-10-10,1250.0,125.9,120.7,132.5,300,5750,0.2364,-0.3134,0.0007,-47.7976,730.0824,0.8725638018651924,2.1945205479452055,-0.012467243662113435,1393.8970134329422,126.6
706,SPX,1432.56,SPX141220P01300000,,put,2014-12-20,2012-10-10,1300.0,144.7,138.8,150.8,500,12413,0.2286,-0.3531,0.0007,-49.243,762.3817,0.9074663539398001,2.1945205479452055,-0.01220395434500472,1394.7026312261482,144.8
707,SPX,1432.56,SPX141220P01425000,,put,2014-12-20,2012-10-10,1425.0,194.4,192.1,204.0,5,476,0.2086,-0.4634,0.0009,-50.6987,804.189,0.9947227341263194,2.1945205479452055,-0.011231317307800387,1397.68276426415,198.05
708,SPX,1432.56,SPX141220C01450000,,call,2014-12-20,2012-10-10,1450.0,132.7,125.0,136.9,300,4571,0.2025,0.4622,0.0009,-23.6316,804.1031,1.0121740101636232,2.1945205479452055,-0.027960606919143555,1347.300454511223,130.95
709,SPX,1432.56,SPX141220C01500000,,call,2014-12-20,2012-10-10,1500.0,110.0,102.1,113.9,300,5631,0.1953,0.4134,0.0009,-23.3091,793.829,1.047076562238231,2.1945205479452055,-0.026955410401704273,1350.275777937227,108.0
710,SPX,1432.56,SPX141220P01500000,,put,2014-12-20,2012-10-10,1500.0,232.7,231.5,243.2,5,121,0.198,-0.535,0.0009,-50.2166,794.6228,1.047076562238231,2.1945205479452055,-0.010380941724674268,1400.2935085672543,237.35
711,SPX,1432.56,SPX141220C01700000,,call,2014-12-20,2012-10-10,1700.0,45.0,38.7,46.4,1000,5664,0.1718,0.2254,0.0008,-17.885,622.7907,1.1866867705366617,2.1945205479452055,-0.024213426851101925,1358.4253401159058,42.55
712,SPX,1432.56,SPX141220P01700000,,put,2014-12-20,2012-10-10,1700.0,365.7,364.2,374.9,400,0,0.1734,-0.7227,0.0008,-43.9912,626.7732,1.1866867705366617,2.1945205479452055,-0.006201052995053732,1413.1972850008838,369.54999999999995
713,SPX,1432.56,SPX141220C02200000,,call,2014-12-20,2012-10-10,2200.0,2.15,1.3,3.2,50,250,0.1486,0.0198,0.0002,-2.8619,101.2168,1.5357122912827386,2.1945205479452055,-0.021986613014010288,1365.079924277999,2.25
