,UnderlyingSymbol,UnderlyingPrice,OptionSymbol,OptionExt,Type,Expiration,DataDate,Strike,Last,Bid,Ask,Volume,OpenInterest,IV,Delta,Gamma,Theta,Vega,m,tau,InterestR,ForwardP,Mid
0,SPX,1555.25,SPXW130426P01250000,,put,2013-04-26,2013-04-19,1250.0,0.05,0.0,0.05,47,3887,0.2637,0.0,0.0,0.0,0.0,0.8037293039704227,0.019178082191780823,inf,inf,0.025
1,SPX,1555.25,SPXW130426P01275000,,put,2013-04-26,2013-04-19,1275.0,0.05,0.0,0.05,12090,5250,0.2637,0.0,0.0,0.0,0.0,0.8198038900498312,0.019178082191780823,inf,inf,0.025
2,SPX,1555.25,SPXW130426P01300000,,put,2013-04-26,2013-04-19,1300.0,0.05,0.0,0.05,3280,9050,0.2637,0.0,0.0,-0.0009,0.0001,0.8358784761292397,0.019178082191780823,inf,inf,0.025
3,SPX,1555.25,SPXW130426P01310000,,put,2013-04-26,2013-04-19,1310.0,0.05,0.0,0.05,906,4970,0.2637,0.0,0.0,-0.0028,0.0004,0.8423083105610031,0.019178082191780823,inf,inf,0.025
4,SPX,1555.25,SPXW130426P01320000,,put,2013-04-26,2013-04-19,1320.0,0.05,0.0,0.05,251,2225,0.2637,0.0,0.0,-0.0082,0.0011,0.8487381449927665,0.019178082191780823,inf,inf,0.025
5,SPX,1555.25,SPXW130426P01325000,,put,2013-04-26,2013-04-19,1325.0,0.05,0.0,0.05,4711,5480,0.2637,0.0,0.0,-0.0137,0.0018,0.8519530622086481,0.019178082191780823,inf,inf,0.025
6,SPX,1555.25,SPXW130426P01330000,,put,2013-04-26,2013-04-19,1330.0,0.05,0.0,0.05,3815,1077,0.2637,0.0,0.0,-0.0224,0.003,0.8551679794245298,0.019178082191780823,inf,inf,0.025
7,SPX,1555.25,SPXW130426P01340000,,put,2013-04-26,2013-04-19,1340.0,0.1,0.05,0.1,520,891,0.4122,-0.0028,0.0001,-20.8362,1.7552,0.8615978138562932,0.019178082191780823,0.3933664800572647,1567.0271966572996,0.07500000000000001
8,SPX,1555.25,SPXW130426P01350000,,put,2013-04-26,2013-04-19,1350.0,0.1,0.05,0.1,2352,7816,0.3935,-0.0029,0.0001,-20.6894,1.8257,0.8680276482880566,0.019178082191780823,0.38196632800213215,1566.6846301665282,0.07500000000000001
9,SPX,1555.25,SPXW130426P01355000,,put,2013-04-26,2013-04-19,1355.0,0.15,0.05,0.15,130,0,0.3932,-0.0036,0.0001,-24.9671,2.2049,0.8712425655039383,0.019178082191780823,0.3660628544957644,1566.206867158612,0.1
10,SPX,1555.25,SPXW130426P01360000,,put,2013-04-26,2013-04-19,1360.0,0.1,0.05,0.15,1530,1982,0.3837,-0.0037,0.0001,-24.8648,2.2503,0.8744574827198199,0.019178082191780823,0.35206123305893083,1565.7863591002106,0.1
11,SPX,1555.25,SPXW130426P01365000,,put,2013-04-26,2013-04-19,1365.0,0.15,0.05,0.15,49,0,0.3742,-0.0038,0.0001,-24.7515,2.297,0.8776723999357017,0.019178082191780823,0.3391149495991817,1565.3976462667463,0.1
12,SPX,1555.25,SPXW130426P01370000,,put,2013-04-26,2013-04-19,1370.0,0.15,0.1,0.15,340,4325,0.3773,-0.005,0.0002,-32.0351,2.9485,0.8808873171515833,0.019178082191780823,0.3335800668974759,1565.2314905745943,0.125
13,SPX,1555.25,SPXW130426P01375000,,put,2013-04-26,2013-04-19,1375.0,0.15,0.1,0.15,12765,2468,0.3676,-0.0051,0.0002,-31.9021,3.0138,0.884102234367465,0.019178082191780823,0.32853216322253165,1565.079969239025,0.125
14,SPX,1555.25,SPXW130426P01380000,,put,2013-04-26,2013-04-19,1380.0,0.15,0.1,0.2,244,2589,0.3642,-0.0059,0.0002,-36.0866,3.441,0.8873171515833467,0.019178082191780823,0.3220968969096327,1564.8868251446033,0.15000000000000002
15,SPX,1555.25,SPXW130426P01385000,,put,2013-04-26,2013-04-19,1385.0,0.2,0.1,0.2,681,670,0.3544,-0.0061,0.0002,-35.934,3.5213,0.8905320687992284,0.019178082191780823,0.3059021583152296,1564.4008717599256,0.15000000000000002
16,SPX,1555.25,SPXW130426P01390000,,put,2013-04-26,2013-04-19,1390.0,0.25,0.1,0.2,35,1195,0.3445,-0.0062,0.0002,-35.6954,3.5985,0.8937469860151102,0.019178082191780823,0.3037792610769947,1564.3371814508848,0.15000000000000002
17,SPX,1555.25,SPXW130426P01395000,,put,2013-04-26,2013-04-19,1395.0,0.3,0.1,0.2,432,229,0.3347,-0.0064,0.0003,-35.5175,3.6855,0.8969619032309918,0.019178082191780823,0.290153187389795,1563.9284391997578,0.15000000000000002
18,SPX,1555.25,SPXW130426P01400000,,put,2013-04-26,2013-04-19,1400.0,0.2,0.1,0.25,10183,5718,0.3298,-0.0073,0.0003,-39.2033,4.1285,0.9001768204468735,0.019178082191780823,0.27801211097193795,1563.564332487483,0.175
19,SPX,1555.25,SPXW130426P01405000,,put,2013-04-26,2013-04-19,1405.0,0.25,0.1,0.25,105,458,0.3199,-0.0075,0.0003,-38.9931,4.2336,0.9033917376627552,0.019178082191780823,0.26996115438390805,1563.3229338092553,0.175
20,SPX,1555.25,SPXW130426P01410000,,put,2013-04-26,2013-04-19,1410.0,0.35,0.15,0.3,3159,3463,0.321,-0.0096,0.0004,-48.7597,5.2759,0.9066066548786369,0.019178082191780823,0.26379886766617194,1563.1381899067399,0.22499999999999998
21,SPX,1555.25,SPXW130426P01415000,,put,2013-04-26,2013-04-19,1415.0,0.45,0.2,0.3,46,481,0.3162,-0.011,0.0004,-53.9366,5.9249,0.9098215720945185,0.019178082191780823,0.25170803558710275,1562.7757730511878,0.25
22,SPX,1555.25,SPXW130426P01420000,,put,2013-04-26,2013-04-19,1420.0,0.35,0.2,0.3,1264,253,0.3059,-0.0113,0.0005,-53.6014,6.0865,0.9130364893104003,0.019178082191780823,0.24587309030120014,1562.6009034440601,0.25
23,SPX,1555.25,SPXW130426P01425000,,put,2013-04-26,2013-04-19,1425.0,0.35,0.25,0.35,3153,20203,0.3031,-0.0135,0.0006,-61.7806,7.0803,0.9162514065262819,0.019178082191780823,0.23373357836067674,1562.2371526754823,0.3
24,SPX,1555.25,SPXW130426P01430000,,put,2013-04-26,2013-04-19,1430.0,0.35,0.25,0.35,1181,682,0.2926,-0.0139,0.0006,-61.3607,7.2848,0.9194663237421636,0.019178082191780823,0.22768953642259881,1562.0560793671245,0.3
25,SPX,1555.25,SPXW130426P01435000,,put,2013-04-26,2013-04-19,1435.0,0.4,0.3,0.4,533,256,0.2884,-0.0162,0.0007,-68.9438,8.3046,0.9226812409580454,0.019178082191780823,0.2178647880837435,1561.7617847507354,0.35
26,SPX,1555.25,SPXW130426P01440000,,put,2013-04-26,2013-04-19,1440.0,0.4,0.3,0.4,730,3595,0.2777,-0.0168,0.0007,-68.4118,8.5584,0.925896158173927,0.019178082191780823,0.20767776378177935,1561.4566969188131,0.35
27,SPX,1555.25,SPXW130426C01445000,,call,2013-04-26,2013-04-19,1445.0,109.0,108.8,110.7,5,21,0.1521,0.9999,0.0,-4.4149,0.0929,0.9291110753898087,0.019178082191780823,0.23917470857008147,1562.400181319362,109.75
28,SPX,1555.25,SPXW130426P01445000,,put,2013-04-26,2013-04-19,1445.0,0.75,0.4,0.45,143,581,0.2751,-0.0203,0.0009,-79.3998,10.0273,0.9291110753898087,0.019178082191780823,0.1957891079053189,1561.1007228459353,0.42500000000000004
29,SPX,1555.25,SPXW130426C01450000,,call,2013-04-26,2013-04-19,1450.0,104.1,103.9,105.8,6,13,0.1521,0.9998,0.0,-4.7781,0.1727,0.9323259926056904,0.019178082191780823,0.22276406115501926,1561.9085326918448,104.85
30,SPX,1555.25,SPXW130426P01450000,,put,2013-04-26,2013-04-19,1450.0,0.55,0.45,0.55,8203,20971,0.2709,-0.0237,0.001,-89.2364,11.4448,0.9323259926056904,0.019178082191780823,0.18802660610459374,1560.868339239154,0.5
31,SPX,1555.25,SPXW130426C01455000,,call,2013-04-26,2013-04-19,1455.0,97.1,98.9,100.9,20,0,0.1521,0.9996,0.0,-5.3974,0.311,0.9355409098215721,0.019178082191780823,0.19655552068506338,1561.1236685839126,99.9
32,SPX,1555.25,SPXW130426P01455000,,put,2013-04-26,2013-04-19,1455.0,0.55,0.5,0.6,303,3822,0.2637,-0.0264,0.0011,-95.0404,12.5226,0.9355409098215721,0.019178082191780823,0.17847326052718152,1560.5823911814414,0.55
33,SPX,1555.25,SPXW130426C01460000,,call,2013-04-26,2013-04-19,1460.0,92.2,94.0,95.9,29,7,0.1521,0.9992,0.0001,-6.4256,0.5428,0.9387558270374537,0.019178082191780823,0.15918849736288004,1560.0053246603013,94.95
34,SPX,1555.25,SPXW130426P01460000,,put,2013-04-26,2013-04-19,1460.0,0.6,0.55,0.65,1504,1776,0.256,-0.0292,0.0013,-100.4655,13.6364,0.9387558270374537,0.019178082191780823,0.17057972104994298,1560.346163497969,0.6000000000000001
35,SPX,1555.25,SPXW130426C01465000,,call,2013-04-26,2013-04-19,1465.0,87.2,89.1,91.0,20,2,0.1521,0.9986,0.0001,-8.0829,0.9184,0.9419707442533355,0.019178082191780823,0.1540094677896125,1559.8503866125504,90.05
36,SPX,1555.25,SPXW130426P01465000,,put,2013-04-26,2013-04-19,1465.0,0.7,0.6,0.75,975,587,0.2495,-0.0331,0.0014,-108.6019,15.1257,0.9419707442533355,0.019178082191780823,0.16145254788313798,1560.07306179133,0.675
37,SPX,1555.25,SPXW130426C01470000,,call,2013-04-26,2013-04-19,1470.0,84.4,84.2,86.1,5,18,0.1521,0.9976,0.0002,-10.671,1.5067,0.9451856614692171,0.019178082191780823,0.1463562320783816,1559.6214573345862,85.15
38,SPX,1555.25,SPXW130426P01470000,,put,2013-04-26,2013-04-19,1470.0,0.75,0.7,0.8,2231,5016,0.2425,-0.0374,0.0016,-116.5035,16.6957,0.9451856614692171,0.019178082191780823,0.15100278890100863,1559.7604445904003,0.75
39,SPX,1555.25,SPXW130426C01475000,,call,2013-04-26,2013-04-19,1475.0,77.3,79.3,81.2,100,0,0.1521,0.9961,0.0004,-14.5833,2.3977,0.9484005786850989,0.019178082191780823,0.14817445213274602,1559.6758422418948,80.25
40,SPX,1555.25,SPXW130426P01475000,,put,2013-04-26,2013-04-19,1475.0,0.9,0.85,0.95,2858,7339,0.2387,-0.0444,0.0019,-131.8481,19.1968,0.9484005786850989,0.019178082191780823,0.14231751636445622,1559.5006618105183,0.8999999999999999
41,SPX,1555.25,SPXW130426P01480000,,put,2013-04-26,2013-04-19,1480.0,0.95,0.95,1.05,1339,1304,0.2312,-0.05,0.0022,-140.4547,21.1151,0.9516154959009806,0.019178082191780823,0.1333647867622199,1559.2329244830985,1.0
42,SPX,1555.25,SPXW130426C01485000,,call,2013-04-26,2013-04-19,1485.0,69.9,69.5,71.4,7,22,0.1521,0.9898,0.0009,-28.3949,5.5488,0.9548304131168622,0.019178082191780823,0.12520030569647064,1558.9888003252179,70.45
43,SPX,1555.25,SPXW130426P01485000,,put,2013-04-26,2013-04-19,1485.0,1.13,1.1,1.15,1057,3510,0.2241,-0.0568,0.0025,-150.7149,23.3775,0.9548304131168622,0.019178082191780823,0.12515237761669742,1558.9873673522407,1.125
44,SPX,1555.25,SPXW130426P01490000,,put,2013-04-26,2013-04-19,1490.0,1.26,1.2,1.35,4943,12419,0.2171,-0.0649,0.0028,-162.0676,25.9517,0.958045330332744,0.019178082191780823,0.11644470840364197,1558.7270438178418,1.275
45,SPX,1555.25,SPXW130426C01495000,,call,2013-04-26,2013-04-19,1495.0,60.35,59.9,61.8,32,44,0.1521,0.9764,0.0018,-54.0503,11.4094,0.9612602475486256,0.019178082191780823,0.10786935374032927,1558.4707184285994,60.849999999999994
46,SPX,1555.25,SPXW130426P01495000,,put,2013-04-26,2013-04-19,1495.0,1.43,1.4,1.55,1973,11752,0.2109,-0.0752,0.0033,-176.3437,29.0711,0.9612602475486256,0.019178082191780823,0.1077173554306844,1558.4661754368542,1.475
47,SPX,1555.25,SPXW130426P01500000,,put,2013-04-26,2013-04-19,1500.0,1.75,1.6,1.75,6618,12219,0.2036,-0.0863,0.0038,-188.7892,32.243,0.9644751647645073,0.019178082191780823,0.09839960773799017,1558.1877078188181,1.675
48,SPX,1555.25,SPXW130426P01505000,,put,2013-04-26,2013-04-19,1505.0,1.9,1.85,2.0,719,5673,0.1967,-0.0999,0.0044,-203.1328,35.9151,0.967690081980389,0.019178082191780823,0.0891937243454299,1557.912632210507,1.925
49,SPX,1555.25,SPXW130426C01510000,,call,2013-04-26,2013-04-19,1510.0,46.9,45.9,47.3,37,31,0.1604,0.9208,0.0045,-143.5825,30.2331,0.9709049991962707,0.019178082191780823,0.08121043758401819,1557.6741276113346,46.599999999999994
50,SPX,1555.25,SPXW130426P01510000,,put,2013-04-26,2013-04-19,1510.0,2.25,2.2,2.3,4528,13901,0.1904,-0.1167,0.005,-219.9245,40.1774,0.9709049991962707,0.019178082191780823,0.08063872014491064,1557.657048674164,2.25
51,SPX,1555.25,SPXW130426C01515000,,call,2013-04-26,2013-04-19,1515.0,39.2,41.3,42.7,30,25,0.1591,0.8969,0.0055,-172.3268,36.7696,0.9741199164121523,0.019178082191780823,0.07236952507219258,1557.4100436306321,42.0
52,SPX,1555.25,SPXW130426P01515000,,put,2013-04-26,2013-04-19,1515.0,2.75,2.6,2.8,1954,1917,0.1854,-0.1383,0.0058,-241.0238,45.228,0.9741199164121523,0.019178082191780823,0.07215342650535733,1557.4035891822293,2.7
53,SPX,1555.25,SPXW130426C01520000,,call,2013-04-26,2013-04-19,1520.0,37.92,36.8,38.2,9,379,0.1572,0.8686,0.0066,-201.4126,43.6592,0.9773348336280341,0.019178082191780823,0.06334717208872491,1557.1405860612197,37.5
54,SPX,1555.25,SPXW130426P01520000,,put,2013-04-26,2013-04-19,1520.0,3.1,3.1,3.3,9514,5680,0.1796,-0.1628,0.0067,-260.2172,50.4179,0.9773348336280341,0.019178082191780823,0.06331060623996693,1557.139494096753,3.2
55,SPX,1555.25,SPXW130426C01525000,,call,2013-04-26,2013-04-19,1525.0,31.6,32.5,33.8,787,54,0.1551,0.835,0.0078,-230.8286,50.8618,0.9805497508439158,0.019178082191780823,0.05477290768145947,1556.8845541104831,33.15
56,SPX,1555.25,SPXW130426P01525000,,put,2013-04-26,2013-04-19,1525.0,3.8,3.7,3.9,5162,6558,0.1737,-0.1916,0.0077,-278.8665,55.8815,0.9805497508439158,0.019178082191780823,0.05448796901272791,1556.876046417878,3.8
57,SPX,1555.25,SPXW130426C01530000,,call,2013-04-26,2013-04-19,1530.0,28.2,28.3,29.5,26,283,0.1517,0.7972,0.0091,-256.2012,57.8407,0.9837646680597975,0.019178082191780823,0.04601319463019965,1556.6230280412108,28.9
58,SPX,1555.25,SPXW130426P01530000,,put,2013-04-26,2013-04-19,1530.0,4.4,4.4,4.7,6327,4623,0.1681,-0.2259,0.0087,-297.2961,61.5787,0.9837646680597975,0.019178082191780823,0.045689490722259335,1556.6133645240789,4.550000000000001
59,SPX,1555.25,SPXW130426C01535000,,call,2013-04-26,2013-04-19,1535.0,24.8,24.2,25.4,14,237,0.1476,0.7537,0.0104,-277.8622,64.5816,0.9869795852756792,0.019178082191780823,0.03707037362187634,1556.3560805010536,24.799999999999997
60,SPX,1555.25,SPXW130426P01535000,,put,2013-04-26,2013-04-19,1535.0,5.35,5.3,5.6,5340,5126,0.1625,-0.2659,0.0099,-313.5981,67.2196,0.9869795852756792,0.019178082191780823,0.03710536390761891,1556.3571248888227,5.449999999999999
61,SPX,1555.25,SPXW130426C01540000,,call,2013-04-26,2013-04-19,1540.0,21.36,20.4,21.5,252,1092,0.1442,0.7022,0.0117,-297.9532,70.9904,0.9901945024915608,0.019178082191780823,0.028434518692753277,1556.0983394962834,20.95
62,SPX,1555.25,SPXW130426P01540000,,put,2013-04-26,2013-04-19,1540.0,6.6,6.6,6.8,8234,13242,0.1592,-0.3147,0.0109,-332.3306,72.743,0.9901945024915608,0.019178082191780823,0.028274012627988357,1556.0935495240774,6.699999999999999
63,SPX,1555.25,SPXW130426C01545000,,call,2013-04-26,2013-04-19,1545.0,17.8,16.8,17.8,364,598,0.1403,0.6442,0.013,-311.3332,76.3327,0.9934094197074426,0.019178082191780823,0.01992249359377708,1555.8443360185954,17.3
64,SPX,1555.25,SPXW130426P01545000,,put,2013-04-26,2013-04-19,1545.0,7.8,7.8,8.1,1732,4087,0.1527,-0.3665,0.012,-337.6873,77.1085,0.9934094197074426,0.019178082191780823,0.019706537853360538,1555.8378923206822,7.949999999999999
65,SPX,1555.25,SPXW130426C01550000,,call,2013-04-26,2013-04-19,1550.0,14.3,13.5,14.3,1796,4806,0.1355,0.5797,0.0141,-315.1934,80.0942,0.9966243369233242,0.019178082191780823,0.011296326146358868,1555.5869687697939,13.9
66,SPX,1555.25,SPXW130426P01550000,,put,2013-04-26,2013-04-19,1550.0,9.5,9.4,9.8,5409,15786,0.148,-0.4264,0.0129,-340.7338,80.3332,0.9966243369233242,0.019178082191780823,0.011029146181373508,1555.5789979636318,9.600000000000001
67,SPX,1555.25,SPXW130426C01555000,,call,2013-04-26,2013-04-19,1555.0,10.9,10.7,11.1,1143,845,0.1314,0.5083,0.0148,-311.5571,81.7122,0.9998392541392059,0.019178082191780823,0.002726642840171,1555.3313289180155,10.899999999999999
68,SPX,1555.25,SPXW130426P01555000,,put,2013-04-26,2013-04-19,1555.0,11.6,11.3,11.6,466,886,0.1421,-0.4918,0.0137,-332.4366,81.7125,0.9998392541392059,0.019178082191780823,0.00261376608495505,1555.3279620030958,11.45
69,SPX,1555.25,SPXW130426C01560000,,call,2013-04-26,2013-04-19,1560.0,8.15,8.0,8.3,14881,2172,0.1264,0.4317,0.0152,-295.1576,80.5305,1.0030541713550876,0.019178082191780823,-0.0060118706912491255,1555.0706959990637,8.15
70,SPX,1555.25,SPXW130426P01560000,,put,2013-04-26,2013-04-19,1560.0,13.45,13.5,14.3,182,8463,0.1394,-0.5613,0.0138,-321.9581,80.7629,1.0030541713550876,0.019178082191780823,-0.005990985486996303,1555.0713188643495,13.9
71,SPX,1555.25,SPXW130426C01565000,,call,2013-04-26,2013-04-19,1565.0,5.8,5.7,5.9,2051,20615,0.1207,0.3512,0.015,-265.7493,75.9762,1.0062690885709693,0.019178082191780823,-0.01443013217926448,1554.8196561485347,5.800000000000001
72,SPX,1555.25,SPXW130426P01565000,,put,2013-04-26,2013-04-19,1565.0,18.55,16.1,17.0,30,1441,0.1347,-0.6333,0.0136,-296.5741,77.1231,1.0062690885709693,0.019178082191780823,-0.014501358670224895,1554.8175322857735,16.55
73,SPX,1555.25,SPXW130426C01570000,,call,2013-04-26,2013-04-19,1570.0,4.0,3.9,4.2,14461,3845,0.1177,0.2749,0.0138,-232.99,68.3494,1.009484005786851,0.019178082191780823,-0.023031935400848077,1554.5631847855987,4.05
74,SPX,1555.25,SPXW130426P01570000,,put,2013-04-26,2013-04-19,1570.0,21.3,19.0,20.3,207,4687,0.1309,-0.704,0.0129,-263.9381,70.7929,1.009484005786851,0.019178082191780823,-0.022960634451167285,1554.565310520805,19.65
75,SPX,1555.25,SPXW130426C01575000,,call,2013-04-26,2013-04-19,1575.0,2.68,2.45,2.6,4534,18456,0.1121,0.1994,0.0122,-185.7631,57.2433,1.0126989230027328,0.019178082191780823,-0.03130125373264203,1554.3166666764862,2.5250000000000004
76,SPX,1555.25,SPXW130426P01575000,,put,2013-04-26,2013-04-19,1575.0,25.8,22.4,23.9,791,4198,0.1275,-0.7704,0.0116,-224.9523,62.15,1.0126989230027328,0.019178082191780823,-0.03159227451989367,1554.3079917165305,23.15
77,SPX,1555.25,SPXW130426C01580000,,call,2013-04-26,2013-04-19,1580.0,1.69,1.5,1.6,6014,6409,0.1095,0.1392,0.0099,-143.8931,45.4143,1.0159138402186143,0.019178082191780823,-0.0397910204697817,1554.063617410202,1.55
78,SPX,1555.25,SPXW130426P01580000,,put,2013-04-26,2013-04-19,1580.0,29.65,26.3,28.0,12,651,0.1267,-0.825,0.0099,-189.1358,52.7999,1.0159138402186143,0.019178082191780823,-0.03982325133836281,1554.0626568029877,27.15
79,SPX,1555.25,SPXW130426C01585000,,call,2013-04-26,2013-04-19,1585.0,0.95,0.85,0.95,3097,5202,0.1063,0.0897,0.0074,-102.0149,33.1788,1.019128757434496,0.019178082191780823,-0.048214828893273505,1553.8125748415257,0.8999999999999999
80,SPX,1555.25,SPXW130426P01585000,,put,2013-04-26,2013-04-19,1585.0,34.1,30.5,32.4,12,897,0.1263,-0.8703,0.0082,-153.652,43.2742,1.019128757434496,0.019178082191780823,-0.04854473816666498,1553.8027438582621,31.45
81,SPX,1555.25,SPXW130426C01590000,,call,2013-04-26,2013-04-19,1590.0,0.56,0.5,0.6,7430,8636,0.1067,0.0592,0.0054,-74.4749,24.1397,1.0223436746503778,0.019178082191780823,-0.05657944667214191,1553.5633363728164,0.55
82,SPX,1555.25,SPXW130426P01590000,,put,2013-04-26,2013-04-19,1590.0,38.5,35.1,37.0,47,1162,0.1285,-0.9022,0.0066,-126.9897,35.3734,1.0223436746503778,0.019178082191780823,-0.05689490282175158,1553.553937585472,36.05
83,SPX,1555.25,SPXW130426C01595000,,call,2013-04-26,2013-04-19,1595.0,0.36,0.25,0.4,2162,5343,0.1068,0.0373,0.0037,-51.4328,16.6604,1.0255585918662595,0.019178082191780823,-0.06474123841756252,1553.3201799984288,0.325
84,SPX,1555.25,SPXW130426C01600000,,call,2013-04-26,2013-04-19,1600.0,0.25,0.2,0.25,3121,5241,0.1105,0.0263,0.0027,-39.8821,12.4898,1.028773509082141,0.019178082191780823,-0.07347383510025007,1553.0600603271562,0.225
85,SPX,1555.25,SPXW130426P01600000,,put,2013-04-26,2013-04-19,1600.0,48.48,44.8,46.6,24,4183,0.1381,-0.9391,0.0043,-94.0173,24.6754,1.028773509082141,0.019178082191780823,-0.07334377872505382,1553.0639340238592,45.7
86,SPX,1555.25,SPXW130426C01605000,,call,2013-04-26,2013-04-19,1605.0,0.2,0.15,0.2,1330,1492,0.116,0.0202,0.0021,-33.5068,9.9982,1.0319884262980228,0.019178082191780823,-0.08173114285899737,1552.8141382539395,0.175
87,SPX,1555.25,SPXW130426C01610000,,call,2013-04-26,2013-04-19,1610.0,0.15,0.1,0.15,3684,4715,0.1201,0.0148,0.0015,-26.5716,7.6596,1.0352033435139045,0.019178082191780823,-0.08978051923485399,1552.5744463495175,0.125
88,SPX,1555.25,SPXW130426C01615000,,call,2013-04-26,2013-04-19,1615.0,0.1,0.05,0.15,875,2620,0.1239,0.0108,0.0011,-20.8252,5.82,1.0384182607297863,0.019178082191780823,-0.09733929441750314,1552.3493971046469,0.1
89,SPX,1555.25,SPXW130426C01620000,,call,2013-04-26,2013-04-19,1620.0,0.1,0.05,0.15,889,1289,0.1328,0.0102,0.001,-21.2355,5.5378,1.041633177945668,0.019178082191780823,-0.10563370298588462,1552.1024832066287,0.1
90,SPX,1555.25,SPXW130426C01625000,,call,2013-04-26,2013-04-19,1625.0,0.09,0.05,0.1,26,3428,0.1373,0.0079,0.0008,-17.5828,4.4356,1.0448480951615495,0.019178082191780823,-0.1146913943602824,1551.832892219996,0.07500000000000001
91,SPX,1555.25,SPXW130426C01630000,,call,2013-04-26,2013-04-19,1630.0,0.1,0.05,0.1,64,3406,0.1458,0.0075,0.0007,-17.8661,4.2448,1.0480630123774313,0.019178082191780823,-0.12371172970966396,1551.5644596263471,0.07500000000000001
92,SPX,1555.25,SPXW130426C01635000,,call,2013-04-26,2013-04-19,1635.0,0.05,0.05,0.1,96,1242,0.1541,0.0071,0.0006,-18.0331,4.0542,1.051277929593313,0.019178082191780823,-0.13305228727996235,1551.2865466008027,0.07500000000000001
93,SPX,1555.25,SPXW130426C01640000,,call,2013-04-26,2013-04-19,1640.0,0.05,0.05,0.1,171,375,0.1624,0.0068,0.0006,-18.2513,3.8939,1.0544928468091948,0.019178082191780823,-0.14029001556290638,1551.0712340551618,0.07500000000000001
94,SPX,1555.25,SPXW130426C01645000,,call,2013-04-26,2013-04-19,1645.0,0.1,0.05,0.1,6156,154,0.1706,0.0065,0.0005,-18.4354,3.7444,1.0577077640250763,0.019178082191780823,-0.14888748542065552,1550.8155098852176,0.07500000000000001
95,SPX,1555.25,SPXW130426C01650000,,call,2013-04-26,2013-04-19,1650.0,0.05,0.0,0.05,1631,4147,0.1706,0.0044,0.0004,-13.0623,2.6533,1.060922681240958,0.019178082191780823,-0.15812648837985963,1550.5407508753954,0.025
96,SPX,1555.25,SPXW130426C01675000,,call,2013-04-26,2013-04-19,1675.0,0.05,0.0,0.05,1165,1312,0.1706,0.0005,0.0001,-1.8104,0.3678,1.0769972673203665,0.019178082191780823,-0.20036778403177902,1549.285155549434,0.025
97,SPX,1555.25,SPXW130426C01725000,,call,2013-04-26,2013-04-19,1725.0,0.04,0.0,0.05,1,2026,0.1706,0.0,0.0,-0.0104,0.0021,1.1091464394791835,0.019178082191780823,-inf,0.0,0.025
98,SPX,1555.25,SPXW130503P01200000,,put,2013-05-03,2013-04-19,1200.0,0.05,0.0,0.05,321,2139,0.2705,0.0,0.0,-0.0013,0.0004,0.7715801318116059,0.038356164383561646,inf,inf,0.025
99,SPX,1555.25,SPXW130503P01225000,,put,2013-05-03,2013-04-19,1225.0,0.05,0.0,0.05,280,406,0.2705,0.0,0.0,-0.0091,0.0025,0.7876547178910143,0.038356164383561646,inf,inf,0.025
100,SPX,1555.25,SPXW130503P01250000,,put,2013-05-03,2013-04-19,1250.0,0.1,0.0,0.1,40,320,0.2705,0.0,0.0,-0.0516,0.0139,0.8037293039704227,0.038356164383561646,inf,inf,0.05
101,SPX,1555.25,SPXW130503P01275000,,put,2013-05-03,2013-04-19,1275.0,0.15,0.05,0.15,2060,1626,0.3776,-0.0026,0.0001,-12.4733,2.4156,0.8198038900498312,0.038356164383561646,0.13622180575441167,1563.3973634579493,0.1
102,SPX,1555.25,SPXW130503P01300000,,put,2013-05-03,2013-04-19,1300.0,0.15,0.1,0.2,441,2704,0.361,-0.0042,0.0001,-18.2224,3.6916,0.8358784761292397,0.038356164383561646,0.1190067756457892,1562.365388976899,0.15000000000000002
103,SPX,1555.25,SPXW130503P01310000,,put,2013-05-03,2013-04-19,1310.0,0.2,0.1,0.25,150,294,0.3519,-0.0048,0.0001,-20.111,4.1798,0.8423083105610031,0.038356164383561646,0.11756476749743142,1562.27897709074,0.175
104,SPX,1555.25,SPXW130503P01320000,,put,2013-05-03,2013-04-19,1320.0,0.2,0.2,0.25,117,98,0.3505,-0.0065,0.0002,-26.0363,5.4331,0.8487381449927665,0.038356164383561646,0.10784308326467781,1561.696532921559,0.225
105,SPX,1555.25,SPXW130503P01325000,,put,2013-05-03,2013-04-19,1325.0,0.2,0.2,0.3,357,4937,0.3472,-0.0072,0.0002,-28.0467,5.9084,0.8519530622086481,0.038356164383561646,0.10075254170039966,1561.2718623475355,0.25
106,SPX,1555.25,SPXW130503P01330000,,put,2013-05-03,2013-04-19,1330.0,0.25,0.2,0.35,311,9,0.3434,-0.0078,0.0002,-29.9139,6.3716,0.8551679794245298,0.038356164383561646,0.10195758362615864,1561.3440272282205,0.275
107,SPX,1555.25,SPXW130503P01340000,,put,2013-05-03,2013-04-19,1340.0,0.4,0.25,0.4,50,81,0.3361,-0.0093,0.0003,-34.2273,7.449,0.8615978138562932,0.038356164383561646,0.09858077302630329,1561.1418126998042,0.325
108,SPX,1555.25,SPXW130503P01350000,,put,2013-05-03,2013-04-19,1350.0,0.45,0.3,0.45,2231,3328,0.3275,-0.0109,0.0003,-38.2195,8.5368,0.8680276482880566,0.038356164383561646,0.09223678177843381,1560.7619844480878,0.375
109,SPX,1555.25,SPXW130503P01355000,,put,2013-05-03,2013-04-19,1355.0,0.5,0.25,0.5,2,0,0.3189,-0.0109,0.0003,-37.2535,8.5457,0.8712425655039383,0.038356164383561646,0.09067245194465594,1560.6683388972883,0.375
110,SPX,1555.25,SPXW130503P01365000,,put,2013-05-03,2013-04-19,1365.0,0.45,0.3,0.55,18,0,0.3095,-0.0126,0.0004,-41.0865,9.7118,0.8776723999357017,0.038356164383561646,0.08750652253102166,1560.4788339071904,0.42500000000000004
111,SPX,1555.25,SPXW130503P01375000,,put,2013-05-03,2013-04-19,1375.0,0.6,0.45,0.6,30,1865,0.3044,-0.0159,0.0004,-49.1099,11.8037,0.884102234367465,0.038356164383561646,0.07901579161007817,1559.9707125906903,0.525
112,SPX,1555.25,SPXW130503P01380000,,put,2013-05-03,2013-04-19,1380.0,0.95,0.5,0.6,20,231,0.2989,-0.0169,0.0005,-50.8729,12.4529,0.8873171515833467,0.038356164383561646,0.07767629677795278,1559.890566655301,0.55
113,SPX,1555.25,SPXW130503P01385000,,put,2013-05-03,2013-04-19,1385.0,1.05,0.55,0.65,20,13,0.2949,-0.0184,0.0005,-54.1572,13.4372,0.8905320687992284,0.038356164383561646,0.07789665106921373,1559.9037508209449,0.6000000000000001
114,SPX,1555.25,SPXW130503P01390000,,put,2013-05-03,2013-04-19,1390.0,0.6,0.6,0.7,40,155,0.2906,-0.0201,0.0006,-57.3538,14.4415,0.8937469860151102,0.038356164383561646,0.07341876447994036,1559.6358532547413,0.6499999999999999
115,SPX,1555.25,SPXW130503P01395000,,put,2013-05-03,2013-04-19,1395.0,1.2,0.6,0.75,20,968,0.2842,-0.0211,0.0006,-58.5604,15.0781,0.8969619032309918,0.038356164383561646,0.07259208612636775,1559.5864007763296,0.675
116,SPX,1555.25,SPXW130503P01400000,,put,2013-05-03,2013-04-19,1400.0,1.0,0.65,0.8,65,3134,0.2795,-0.0229,0.0007,-61.6374,16.1379,0.9001768204468735,0.038356164383561646,0.06947645327803084,1559.4000355267947,0.7250000000000001
117,SPX,1555.25,SPXW130503P01405000,,put,2013-05-03,2013-04-19,1405.0,0.95,0.75,0.85,1,30,0.2759,-0.0253,0.0007,-66.137,17.5428,0.9033917376627552,0.038356164383561646,0.06701387507394371,1559.2527492676777,0.8
118,SPX,1555.25,SPXW130503P01410000,,put,2013-05-03,2013-04-19,1410.0,1.0,0.8,0.9,16,221,0.2705,-0.0272,0.0008,-68.8208,18.6201,0.9066066548786369,0.038356164383561646,0.06408634399397478,1559.0776723785773,0.8500000000000001
119,SPX,1555.25,SPXW130503P01415000,,put,2013-05-03,2013-04-19,1415.0,1.0,0.85,0.95,1,2244,0.2649,-0.0291,0.0008,-71.4081,19.7297,0.9098215720945185,0.038356164383561646,0.06303715070472767,1559.0149316310578,0.8999999999999999
120,SPX,1555.25,SPXW130503P01420000,,put,2013-05-03,2013-04-19,1420.0,1.2,0.9,1.05,34,452,0.2602,-0.0317,0.0009,-75.2639,21.1719,0.9130364893104003,0.038356164383561646,0.060539401458592254,1558.8655787931964,0.9750000000000001
121,SPX,1555.25,SPXW130503P01425000,,put,2013-05-03,2013-04-19,1425.0,1.15,1.0,1.1,17,667,0.2553,-0.0345,0.001,-79.0883,22.6761,0.9162514065262819,0.038356164383561646,0.057518027310300486,1558.6849349421727,1.05
122,SPX,1555.25,SPXW130503P01430000,,put,2013-05-03,2013-04-19,1430.0,1.05,1.05,1.2,41,462,0.25,-0.0373,0.0011,-82.594,24.185,0.9194663237421636,0.038356164383561646,0.055644868473508816,1558.5729518350972,1.125
123,SPX,1555.25,SPXW130503P01435000,,put,2013-05-03,2013-04-19,1435.0,1.65,1.15,1.3,20,110,0.2453,-0.0408,0.0012,-87.1374,26.0061,0.9226812409580454,0.038356164383561646,0.053119301658075914,1558.4219785400912,1.225
124,SPX,1555.25,SPXW130503P01440000,,put,2013-05-03,2013-04-19,1440.0,1.6,1.25,1.4,111,131,0.2403,-0.0444,0.0013,-91.5115,27.882,0.925896158173927,0.038356164383561646,0.051827127372754744,1558.3447406205046,1.325
125,SPX,1555.25,SPXW130503P01445000,,put,2013-05-03,2013-04-19,1445.0,1.75,1.4,1.5,16,122,0.2358,-0.0488,0.0014,-96.8869,30.0856,0.9291110753898087,0.038356164383561646,0.04979306647562097,1558.2231652168027,1.45
126,SPX,1555.25,SPXW130503P01450000,,put,2013-05-03,2013-04-19,1450.0,1.55,1.5,1.65,177,1859,0.2308,-0.0534,0.0016,-101.7936,32.2969,0.9323259926056904,0.038356164383561646,0.047038833441599065,1558.0585603881782,1.575
127,SPX,1555.25,SPXW130503P01455000,,put,2013-05-03,2013-04-19,1455.0,1.7,1.65,1.8,23,98,0.2262,-0.0588,0.0017,-107.6124,34.8407,0.9355409098215721,0.038356164383561646,0.044728779826677126,1557.9205150428147,1.725
128,SPX,1555.25,SPXW130503P01460000,,put,2013-05-03,2013-04-19,1460.0,2.4,1.75,1.95,43,2103,0.2204,-0.0638,0.0019,-111.7598,37.1397,0.9387558270374537,0.038356164383561646,0.042648547511597815,1557.7962139404976,1.85
129,SPX,1555.25,SPXW130503P01465000,,put,2013-05-03,2013-04-19,1465.0,2.6,1.95,2.15,130,259,0.2162,-0.0708,0.0021,-118.8364,40.2629,0.9419707442533355,0.038356164383561646,0.040659497096377256,1557.67737054826,2.05
130,SPX,1555.25,SPXW130503P01470000,,put,2013-05-03,2013-04-19,1470.0,2.6,2.15,2.35,67,2776,0.2114,-0.0781,0.0023,-125.2214,43.3949,0.9451856614692171,0.038356164383561646,0.03847943886094304,1557.5471250806138,2.25
131,SPX,1555.25,SPXW130503P01475000,,put,2013-05-03,2013-04-19,1475.0,2.74,2.35,2.5,2053,4851,0.2055,-0.0852,0.0026,-129.9335,46.327,0.9484005786850989,0.038356164383561646,0.03615254226168958,1557.4081189126282,2.425
132,SPX,1555.25,SPXW130503P01480000,,put,2013-05-03,2013-04-19,1480.0,2.73,2.65,2.8,52,1623,0.2017,-0.0954,0.0028,-138.6842,50.3857,0.9516154959009806,0.038356164383561646,0.03397738210607059,1557.2781885267518,2.7249999999999996
133,SPX,1555.25,SPXW130503P01485000,,put,2013-05-03,2013-04-19,1485.0,3.02,2.95,3.1,118,1001,0.1972,-0.106,0.0031,-146.4672,54.4363,0.9548304131168622,0.038356164383561646,0.032199937278209675,1557.1720232009209,3.0250000000000004
134,SPX,1555.25,SPXW130503P01490000,,put,2013-05-03,2013-04-19,1490.0,4.0,3.3,3.4,56,2179,0.1924,-0.1177,0.0034,-153.9281,58.6469,0.958045330332744,0.038356164383561646,0.029742127559350864,1557.0252321600306,3.3499999999999996
135,SPX,1555.25,SPXW130503P01495000,,put,2013-05-03,2013-04-19,1495.0,3.77,3.7,3.8,88,495,0.1881,-0.1314,0.0038,-162.5244,63.3498,0.9612602475486256,0.038356164383561646,0.027725369707131242,1556.9047929825392,3.75
136,SPX,1555.25,SPXW130503P01500000,,put,2013-05-03,2013-04-19,1500.0,4.0,4.1,4.3,1165,5076,0.1838,-0.1468,0.0042,-171.2437,68.3247,0.9644751647645073,0.038356164383561646,0.02572572670654124,1556.7853850883673,4.199999999999999
137,SPX,1555.25,SPXW130503P01505000,,put,2013-05-03,2013-04-19,1505.0,5.35,4.6,4.8,73,409,0.1793,-0.1639,0.0046,-179.5951,73.4731,0.967690081980389,0.038356164383561646,0.023527143182473436,1556.6541081092385,4.699999999999999
138,SPX,1555.25,SPXW130503P01510000,,put,2013-05-03,2013-04-19,1510.0,5.6,5.3,5.4,565,5221,0.1759,-0.1846,0.0051,-189.9458,79.2301,0.9709049991962707,0.038356164383561646,0.021240758759645803,1556.5176002980986,5.35
139,SPX,1555.25,SPXW130503P01515000,,put,2013-05-03,2013-04-19,1515.0,7.05,5.9,6.1,7,2157,0.1713,-0.206,0.0056,-197.696,84.7034,0.9741199164121523,0.038356164383561646,0.019266403313388303,1556.3997317035873,6.0
140,SPX,1555.25,SPXW130503C01520000,,call,2013-05-03,2013-04-19,1520.0,39.95,40.1,41.3,2,62,0.1502,0.7929,0.0064,-177.996,84.9707,0.9773348336280341,0.038356164383561646,0.01721975526876767,1556.2775566784428,40.7
141,SPX,1555.25,SPXW130503P01520000,,put,2013-05-03,2013-04-19,1520.0,6.93,6.6,6.9,92,451,0.1669,-0.2303,0.0061,-205.336,90.3276,0.9773348336280341,0.038356164383561646,0.017159024368347476,1556.2739314828773,6.75
142,SPX,1555.25,SPXW130503C01525000,,call,2013-05-03,2013-04-19,1525.0,35.95,36.0,37.2,7,25,0.1474,0.7627,0.0071,-188.4896,91.845,0.9805497508439158,0.038356164383561646,0.015183822609963907,1556.1560308255619,36.6
143,SPX,1555.25,SPXW130503P01525000,,put,2013-05-03,2013-04-19,1525.0,7.69,7.5,7.8,3945,6764,0.1629,-0.2579,0.0067,-212.968,96.0231,0.9805497508439158,0.038356164383561646,0.015151579447746776,1556.1541062911938,7.65
144,SPX,1555.25,SPXW130503P01530000,,put,2013-05-03,2013-04-19,1530.0,8.4,8.6,8.9,73,2551,0.1597,-0.2895,0.0072,-220.9613,101.6676,0.9837646680597975,0.038356164383561646,0.01293472357189228,1556.0217919954168,8.75
145,SPX,1555.25,SPXW130503C01535000,,call,2013-05-03,2013-04-19,1535.0,27.9,28.2,29.2,182,82,0.1403,0.6935,0.0084,-203.2819,104.3397,0.9869795852756792,0.038356164383561646,0.010807003164603611,1555.894808381255,28.7
146,SPX,1555.25,SPXW130503P01535000,,put,2013-05-03,2013-04-19,1535.0,9.75,9.7,10.0,98,2172,0.1551,-0.3226,0.0078,-225.0192,106.6631,0.9869795852756792,0.038356164383561646,0.010924799879335735,1555.901838287976,9.85
147,SPX,1555.25,SPXW130503C01540000,,call,2013-05-03,2013-04-19,1540.0,26.0,24.5,25.5,25,103,0.1372,0.6527,0.0091,-208.9119,109.7835,0.9901945024915608,0.038356164383561646,0.008731587159834764,1555.7709563086992,25.0
148,SPX,1555.25,SPXW130503P01540000,,put,2013-05-03,2013-04-19,1540.0,11.2,11.0,11.4,2165,2815,0.1513,-0.3599,0.0083,-228.6949,111.1964,0.9901945024915608,0.038356164383561646,0.00877971503172465,1555.7738282654152,11.2
149,SPX,1555.25,SPXW130503C01545000,,call,2013-05-03,2013-04-19,1545.0,20.3,21.1,22.0,172,100,0.1342,0.6082,0.0096,-212.3317,114.1989,0.9934094197074426,0.038356164383561646,0.00678517194457178,1555.6548114178265,21.55
150,SPX,1555.25,SPXW130503P01545000,,put,2013-05-03,2013-04-19,1545.0,12.3,12.5,12.9,182,358,0.1473,-0.4003,0.0088,-229.8226,114.8638,0.9934094197074426,0.038356164383561646,0.006719380750182418,1555.6508857311815,12.7
151,SPX,1555.25,SPXW130503C01550000,,call,2013-05-03,2013-04-19,1550.0,18.0,17.8,18.6,1896,8118,0.1298,0.5607,0.0102,-210.6079,117.2098,0.9966243369233242,0.038356164383561646,0.004651682016283338,1555.5275135190284,18.200000000000003
152,SPX,1555.25,SPXW130503P01550000,,put,2013-05-03,2013-04-19,1550.0,14.3,14.1,14.6,1754,6307,0.1429,-0.4439,0.0093,-227.6929,117.4101,0.9966243369233242,0.038356164383561646,0.0045778214551467425,1555.5231067036539,14.35
153,SPX,1555.25,SPXW130503C01555000,,call,2013-05-03,2013-04-19,1555.0,15.45,15.1,15.4,154,1339,0.1269,0.5091,0.0106,-208.0772,118.5548,0.9998392541392059,0.038356164383561646,0.002538297451205934,1555.4014255069892,15.25
154,SPX,1555.25,SPXW130503P01555000,,put,2013-05-03,2013-04-19,1555.0,15.9,16.0,16.6,14,208,0.1392,-0.4908,0.0096,-223.7187,118.5542,0.9998392541392059,0.038356164383561646,0.002512694042287187,1555.399898028007,16.3
155,SPX,1555.25,SPXW130503C01560000,,call,2013-05-03,2013-04-19,1560.0,12.55,12.3,12.6,104,373,0.1233,0.4549,0.0108,-200.7808,117.827,1.0030541713550876,0.038356164383561646,0.0005790773887895005,1555.284544333017,12.45
156,SPX,1555.25,SPXW130503P01560000,,put,2013-05-03,2013-04-19,1560.0,19.2,18.1,18.8,32,1664,0.1352,-0.5403,0.0099,-215.9468,117.9806,1.0030541713550876,0.038356164383561646,0.0005111861594712178,1555.2804943040019,18.450000000000003
157,SPX,1555.25,SPXW130503C01565000,,call,2013-05-03,2013-04-19,1565.0,9.9,9.8,10.0,212,374,0.1199,0.3987,0.0108,-189.9933,114.7386,1.0062690885709693,0.038356164383561646,-0.0014170596625099315,1555.165469835441,9.9
158,SPX,1555.25,SPXW130503C01570000,,call,2013-05-03,2013-04-19,1570.0,7.7,7.6,7.8,382,1492,0.1157,0.3405,0.0107,-174.0196,108.9716,1.009484005786851,0.038356164383561646,-0.0034602426275139155,1555.0435983744064,7.699999999999999
159,SPX,1555.25,SPXW130503P01570000,,put,2013-05-03,2013-04-19,1570.0,23.9,22.9,24.2,13,2042,0.1271,-0.6451,0.0099,-189.643,110.6477,1.009484005786851,0.038356164383561646,-0.0034804115572251272,1555.0423953888157,23.549999999999997
160,SPX,1555.25,SPXW130503C01575000,,call,2013-05-03,2013-04-19,1575.0,6.1,5.7,5.9,1245,5321,0.1121,0.2831,0.0102,-155.5656,100.6017,1.0126989230027328,0.038356164383561646,-0.005641125762361436,1554.913523932655,5.800000000000001
161,SPX,1555.25,SPXW130503P01575000,,put,2013-05-03,2013-04-19,1575.0,28.43,26.0,27.3,1011,2541,0.1244,-0.6966,0.0095,-173.8001,103.8801,1.0126989230027328,0.038356164383561646,-0.005640884671906902,1554.9135383114149,26.65
162,SPX,1555.25,SPXW130503C01580000,,call,2013-05-03,2013-04-19,1580.0,4.26,4.1,4.4,3232,4100,0.109,0.2289,0.0093,-135.2649,90.01,1.0159138402186143,0.038356164383561646,-0.007539222246835936,1554.800324594444,4.25
163,SPX,1555.25,SPXW130503C01585000,,call,2013-05-03,2013-04-19,1585.0,3.01,2.95,3.1,274,552,0.1063,0.1794,0.0083,-114.0321,77.8473,1.019128757434496,0.038356164383561646,-0.009720654208367836,1554.6702377745817,3.0250000000000004
164,SPX,1555.25,SPXW130503P01585000,,put,2013-05-03,2013-04-19,1585.0,36.3,32.9,34.7,4,710,0.1202,-0.7907,0.0081,-137.1594,85.4979,1.019128757434496,0.038356164383561646,-0.00964783901231254,1554.6745798372326,33.8
165,SPX,1555.25,SPXW130503C01590000,,call,2013-05-03,2013-04-19,1590.0,2.2,2.0,2.15,491,2300,0.1041,0.1366,0.0071,-93.3002,65.0703,1.0223436746503778,0.038356164383561646,-0.011716344452125682,1554.551236950696,2.075
166,SPX,1555.25,SPXW130503P01590000,,put,2013-05-03,2013-04-19,1590.0,42.5,37.0,38.8,30,1069,0.1204,-0.8275,0.0071,-121.4441,75.923,1.0223436746503778,0.038356164383561646,-0.01167113760051185,1554.5539324849217,37.9
167,SPX,1555.25,SPXW130503C01595000,,call,2013-05-03,2013-04-19,1595.0,1.42,1.3,1.5,189,750,0.1014,0.099,0.0058,-72.2938,51.7832,1.0255585918662595,0.038356164383561646,-0.013649814728427311,1554.4359549226003,1.4
168,SPX,1555.25,SPXW130503C01600000,,call,2013-05-03,2013-04-19,1600.0,0.96,0.85,1.05,821,7388,0.1006,0.0721,0.0046,-56.5144,40.8189,1.028773509082141,0.038356164383561646,-0.015603511832635093,1554.3194755654613,0.95
169,SPX,1555.25,SPXW130503P01600000,,put,2013-05-03,2013-04-19,1600.0,56.1,45.8,47.8,3,1133,0.1237,-0.8817,0.0054,-95.7106,58.8516,1.028773509082141,0.038356164383561646,-0.015607576830770388,1554.3192332195053,46.8
170,SPX,1555.25,SPXW130503C01605000,,call,2013-05-03,2013-04-19,1605.0,0.6,0.55,0.7,120,732,0.0999,0.0511,0.0035,-42.8736,31.1946,1.0319884262980228,0.038356164383561646,-0.017699301278280212,1554.1945343710747,0.625
171,SPX,1555.25,SPXW130503C01610000,,call,2013-05-03,2013-04-19,1610.0,0.45,0.35,0.5,347,1741,0.1,0.0363,0.0027,-32.5474,23.6654,1.0352033435139045,0.038356164383561646,-0.019686516727968683,1554.0760751282853,0.425
172,SPX,1555.25,SPXW130503C01615000,,call,2013-05-03,2013-04-19,1615.0,0.25,0.25,0.35,599,3245,0.101,0.0263,0.002,-25.1797,18.1325,1.0384182607297863,0.038356164383561646,-0.02178287981227559,1553.9511193082756,0.3
173,SPX,1555.25,SPXW130503C01620000,,call,2013-05-03,2013-04-19,1620.0,0.2,0.2,0.25,101,1754,0.1034,0.0202,0.0016,-20.6559,14.5336,1.041633177945668,0.038356164383561646,-0.024026701855154264,1553.8173851814493,0.225
174,SPX,1555.25,SPXW130503C01625000,,call,2013-05-03,2013-04-19,1625.0,0.15,0.1,0.2,2,6506,0.1033,0.0137,0.0011,-14.7375,10.3818,1.0448480951615495,0.038356164383561646,-0.024980524025087558,1553.760539874502,0.15000000000000002
175,SPX,1555.25,SPXW130503C01630000,,call,2013-05-03,2013-04-19,1630.0,0.15,0.05,0.2,15,777,0.1056,0.0104,0.0009,-11.9164,8.2135,1.0480630123774313,0.038356164383561646,-0.028088041821156224,1553.5753543647818,0.125
176,SPX,1555.25,SPXW130503P01630000,,put,2013-05-03,2013-04-19,1630.0,81.1,75.0,76.9,1,37,0.1554,-0.9409,0.0025,-70.1729,34.9981,1.0480630123774313,0.038356164383561646,-0.027889904584306176,1553.5871612474311,75.95
177,SPX,1555.25,SPXW130503C01635000,,call,2013-05-03,2013-04-19,1635.0,0.1,0.1,0.15,1,307,0.1056,0.0069,0.0006,-8.2942,5.7179,1.051277929593313,0.038356164383561646,-0.029564938586799486,1553.4873497730005,0.125
178,SPX,1555.25,SPXW130503C01640000,,call,2013-05-03,2013-04-19,1640.0,0.1,0.05,0.15,37,1317,0.1056,0.0045,0.0004,-5.6485,3.8946,1.0544928468091948,0.038356164383561646,-0.030635388745972644,1553.4235674360204,0.1
179,SPX,1555.25,SPXW130503C01645000,,call,2013-05-03,2013-04-19,1645.0,0.1,0.05,0.15,15,111,0.1056,0.0028,0.0003,-3.7646,2.5961,1.0577077640250763,0.038356164383561646,-0.036610401592030224,1553.0675968285686,0.1
180,SPX,1555.25,SPXW130503C01650000,,call,2013-05-03,2013-04-19,1650.0,0.1,0.05,0.15,24,690,0.1056,0.0018,0.0002,-2.4558,1.6938,1.060922681240958,0.038356164383561646,-0.033464443222127695,1553.2550119825212,0.1
181,SPX,1555.25,SPXW130503C01655000,,call,2013-05-03,2013-04-19,1655.0,0.06,0.05,0.15,4,1011,0.1056,0.0011,0.0001,-1.5685,1.0819,1.0641375984568398,0.038356164383561646,-0.03576972126813663,1553.1176767241614,0.1
182,SPX,1555.25,SPXW130503C01665000,,call,2013-05-03,2013-04-19,1665.0,0.05,0.05,0.1,20,40,0.1056,0.0004,0.0,-0.6008,0.4145,1.070567432888603,0.038356164383561646,-0.035607919861919635,1553.1273155286945,0.07500000000000001
183,SPX,1555.25,SPXW130503C01700000,,call,2013-05-03,2013-04-19,1700.0,0.05,0.0,0.05,900,2324,0.1056,0.0,0.0,-0.011,0.0076,1.093071853399775,0.038356164383561646,-inf,0.0,0.025
184,SPX,1555.25,SPXW130510P01350000,,put,2013-05-10,2013-04-19,1350.0,0.75,0.55,0.7,10,260,0.2852,-0.0162,0.0004,-38.0186,14.8803,0.8680276482880566,0.057534246575342465,0.043195507062730315,1559.1199467336867,0.625
185,SPX,1555.25,SPXW130510P01375000,,put,2013-05-10,2013-04-19,1375.0,1.0,0.85,1.1,10,694,0.2715,-0.0252,0.0006,-52.4977,21.5892,0.884102234367465,0.057534246575342465,0.03672886322840986,1558.5399786266635,0.9750000000000001
186,SPX,1555.25,SPXW130510P01390000,,put,2013-05-10,2013-04-19,1390.0,1.45,1.05,1.3,3,79,0.2595,-0.0309,0.0007,-59.5386,25.6214,0.8937469860151102,0.057534246575342465,0.034517557236879,1558.3417047064295,1.175
187,SPX,1555.25,SPXW130510P01405000,,put,2013-05-10,2013-04-19,1405.0,1.6,1.3,1.6,22,68,0.2482,-0.0387,0.0009,-68.3941,30.7784,0.9033917376627552,0.057534246575342465,0.030667025348309077,1557.9965118951693,1.4500000000000002
188,SPX,1555.25,SPXW130510P01420000,,put,2013-05-10,2013-04-19,1420.0,2.25,1.65,1.95,11,56,0.2369,-0.0487,0.0012,-78.5748,37.0553,0.9130364893104003,0.057534246575342465,0.02774538085695849,1557.7346430819846,1.7999999999999998
189,SPX,1555.25,SPXW130510P01425000,,put,2013-05-10,2013-04-19,1425.0,2.71,1.75,2.05,8,84,0.2321,-0.0519,0.0012,-80.9991,38.9922,0.9162514065262819,0.057534246575342465,0.026905568350510122,1557.6593783092662,1.9
190,SPX,1555.25,SPXW130510P01430000,,put,2013-05-10,2013-04-19,1430.0,3.35,1.9,2.15,2,300,0.2278,-0.0558,0.0013,-84.1585,41.2818,0.9194663237421636,0.057534246575342465,0.025743746407854765,1557.5552607487589,2.025
191,SPX,1555.25,SPXW130510P01435000,,put,2013-05-10,2013-04-19,1435.0,3.45,2.05,2.35,3,70,0.2243,-0.0606,0.0015,-88.497,44.0917,0.9226812409580454,0.057534246575342465,0.02537811586128131,1557.522495927885,2.2
192,SPX,1555.25,SPXW130510P01440000,,put,2013-05-10,2013-04-19,1440.0,2.75,2.2,2.55,17,819,0.2205,-0.0657,0.0016,-92.6209,46.9467,0.925896158173927,0.057534246575342465,0.024296648403933932,1557.4255876886577,2.375
193,SPX,1555.25,SPXW130510P01445000,,put,2013-05-10,2013-04-19,1445.0,3.0,2.4,2.7,30,79,0.2163,-0.0709,0.0017,-96.3634,49.7978,0.9291110753898087,0.057534246575342465,0.02343975938642479,1557.3488077771647,2.55
194,SPX,1555.25,SPXW130510P01450000,,put,2013-05-10,2013-04-19,1450.0,3.15,2.6,2.95,24,1755,0.2127,-0.0772,0.0019,-101.0912,53.1317,0.9323259926056904,0.057534246575342465,0.022331581884011423,1557.2495172516503,2.7750000000000004
195,SPX,1555.25,SPXW130510P01470000,,put,2013-05-10,2013-04-19,1470.0,4.2,3.6,4.0,30,478,0.1967,-0.1073,0.0026,-119.2564,67.8179,0.9451856614692171,0.057534246575342465,0.018519134801141042,1556.907977836838,3.8
196,SPX,1555.25,SPXW130510P01475000,,put,2013-05-10,2013-04-19,1475.0,4.0,4.0,4.4,471,2783,0.1938,-0.1181,0.0028,-125.7871,72.6146,0.9484005786850989,0.057534246575342465,0.017468408305556744,1556.8138613015772,4.2
197,SPX,1555.25,SPXW130510P01480000,,put,2013-05-10,2013-04-19,1480.0,6.85,4.4,4.7,2,1174,0.1896,-0.1284,0.003,-130.4373,76.9824,0.9516154959009806,0.057534246575342465,0.01639270233524626,1556.7175131782465,4.550000000000001
198,SPX,1555.25,SPXW130510P01485000,,put,2013-05-10,2013-04-19,1485.0,8.2,4.8,5.2,69,262,0.1862,-0.1407,0.0033,-136.3792,81.976,0.9548304131168622,0.057534246575342465,0.015479848036876732,1556.6357559232038,5.0
199,SPX,1555.25,SPXW130510P01490000,,put,2013-05-10,2013-04-19,1490.0,5.5,5.2,5.7,5,1213,0.1822,-0.1534,0.0035,-141.4156,86.8899,0.958045330332744,0.057534246575342465,0.014731662426050767,1556.5687499627866,5.45
200,SPX,1555.25,SPXW130510P01495000,,put,2013-05-10,2013-04-19,1495.0,9.8,5.8,6.2,2,129,0.1788,-0.1683,0.0038,-147.3566,92.285,0.9612602475486256,0.057534246575342465,0.013575240665228944,1556.4651888888927,6.0
201,SPX,1555.25,SPXW130510P01500000,,put,2013-05-10,2013-04-19,1500.0,7.3,6.4,6.8,670,5765,0.1752,-0.1843,0.0041,-152.8975,97.7499,0.9644751647645073,0.057534246575342465,0.012679760066053949,1556.3850006204038,6.6
202,SPX,1555.25,SPXW130510P01505000,,put,2013-05-10,2013-04-19,1505.0,7.95,7.0,7.5,12,115,0.1715,-0.2017,0.0045,-158.1203,103.3018,0.967690081980389,0.057534246575342465,0.011865685267512917,1556.3121056427958,7.25
203,SPX,1555.25,SPXW130510P01510000,,put,2013-05-10,2013-04-19,1510.0,8.7,7.8,8.3,16,233,0.1686,-0.2219,0.0048,-164.3091,109.2274,0.9709049991962707,0.057534246575342465,0.010861951735026642,1556.2222326882804,8.05
204,SPX,1555.25,SPXW130510P01515000,,put,2013-05-10,2013-04-19,1515.0,8.6,8.6,9.1,115,138,0.1648,-0.2427,0.0052,-168.7628,114.8192,0.9741199164121523,0.057534246575342465,0.00999925378919941,1556.1449920183788,8.85
205,SPX,1555.25,SPXW130510P01520000,,put,2013-05-10,2013-04-19,1520.0,10.7,9.6,10.1,10150,10251,0.1619,-0.2666,0.0055,-174.0725,120.6027,0.9773348336280341,0.057534246575342465,0.009011327894710566,1556.0565439167444,9.85
206,SPX,1555.25,SPXW130510C01525000,,call,2013-05-10,2013-04-19,1525.0,37.6,38.4,39.1,10,43,0.1373,0.7347,0.0065,-151.3148,120.3033,0.9805497508439158,0.057534246575342465,0.008132413361249148,1555.9778597282873,38.75
207,SPX,1555.25,SPXW130510P01525000,,put,2013-05-10,2013-04-19,1525.0,12.3,10.6,11.2,906,2935,0.1586,-0.292,0.0059,-178.1505,126.0558,0.9805497508439158,0.057534246575342465,0.008075082336294764,1555.972727347942,10.899999999999999
208,SPX,1555.25,SPXW130510C01530000,,call,2013-05-10,2013-04-19,1530.0,35.0,34.6,35.3,1,24,0.1352,0.7032,0.007,-157.049,127.0005,0.9837646680597975,0.057534246575342465,0.007140460054455528,1555.8890606045848,34.95
209,SPX,1555.25,SPXW130510P01535000,,put,2013-05-10,2013-04-19,1535.0,18.5,13.0,13.7,29,537,0.1519,-0.3491,0.0066,-183.6502,135.8355,0.9869795852756792,0.057534246575342465,0.006224297336152828,1555.807050715117,13.35
210,SPX,1555.25,SPXW130510P01540000,,put,2013-05-10,2013-04-19,1540.0,15.65,14.5,15.1,7,602,0.1487,-0.3811,0.007,-185.011,139.8845,0.9901945024915608,0.057534246575342465,0.005262918888280727,1555.720998008117,14.8
211,SPX,1555.25,SPXW130510P01545000,,put,2013-05-10,2013-04-19,1545.0,23.9,16.0,16.8,5,531,0.1455,-0.4152,0.0073,-185.0682,143.121,0.9934094197074426,0.057534246575342465,0.004411176138715009,1555.644762737191,16.4
212,SPX,1555.25,SPXW130510C01550000,,call,2013-05-10,2013-04-19,1550.0,21.4,20.6,21.3,231,1112,0.1238,0.5539,0.0087,-163.5629,145.1023,0.9966243369233242,0.057534246575342465,0.0035114477923265308,1555.5642365707806,20.950000000000003
213,SPX,1555.25,SPXW130510P01550000,,put,2013-05-10,2013-04-19,1550.0,18.2,17.8,18.5,146,2289,0.1422,-0.4514,0.0076,-183.5189,145.3547,0.9966243369233242,0.057534246575342465,0.0035185044258287702,1555.5648681270209,18.15
214,SPX,1555.25,SPXW130510C01555000,,call,2013-05-10,2013-04-19,1555.0,18.3,17.6,18.2,58,119,0.1206,0.5101,0.009,-160.615,146.3959,0.9998392541392059,0.057534246575342465,0.002664072003107065,1555.488399797722,17.9
215,SPX,1555.25,SPXW130510P01555000,,put,2013-05-10,2013-04-19,1555.0,21.32,19.8,20.5,23,93,0.1393,-0.4896,0.0078,-180.8635,146.3932,0.9998392541392059,0.057534246575342465,0.0026448169851053163,1555.486676592923,20.15
216,SPX,1555.25,SPXW130510C01560000,,call,2013-05-10,2013-04-19,1560.0,15.5,14.8,15.4,53,165,0.1178,0.4641,0.0092,-156.1658,145.848,1.0030541713550876,0.057534246575342465,0.001810950904988483,1555.4120525771737,15.100000000000001
217,SPX,1555.25,SPXW130510P01560000,,put,2013-05-10,2013-04-19,1560.0,22.85,22.0,22.7,30,171,0.1365,-0.5294,0.0079,-176.5803,146.0451,1.0030541713550876,0.057534246575342465,0.0017114474409606183,1555.4031480913425,22.35
218,SPX,1555.25,SPXW130510C01565000,,call,2013-05-10,2013-04-19,1565.0,10.8,12.3,12.8,3,340,0.1154,0.4168,0.0092,-150.1303,143.2444,1.0062690885709693,0.057534246575342465,0.0008896231002207084,1555.3296056341158,12.55
219,SPX,1555.25,SPXW130510P01565000,,put,2013-05-10,2013-04-19,1565.0,26.0,24.1,25.2,2,86,0.133,-0.5708,0.008,-169.5202,144.1292,1.0062690885709693,0.057534246575342465,0.000852043271621054,1555.3262428174228,24.65
220,SPX,1555.25,SPXW130510C01570000,,call,2013-05-10,2013-04-19,1570.0,10.5,10.0,10.3,1805,866,0.1114,0.3669,0.0092,-139.7551,138.2194,1.009484005786851,0.057534246575342465,-8.238029701975163e-05,1555.2426286172067,10.15
221,SPX,1555.25,SPXW130510P01570000,,put,2013-05-10,2013-04-19,1570.0,28.0,26.7,28.0,10,440,0.1307,-0.6124,0.008,-162.209,140.5923,1.009484005786851,0.057534246575342465,-8.778855203883315e-05,1555.2421446881758,27.35
222,SPX,1555.25,SPXW130510C01575000,,call,2013-05-10,2013-04-19,1575.0,8.4,7.9,8.4,243,2316,0.1089,0.3184,0.0089,-129.3941,131.0006,1.0126989230027328,0.057534246575342465,-0.0009729225311092488,1555.1629451951678,8.15
223,SPX,1555.25,SPXW130510C01580000,,call,2013-05-10,2013-04-19,1580.0,6.6,6.2,6.6,127,389,0.1064,0.2709,0.0085,-117.2603,121.5824,1.0159138402186143,0.057534246575342465,-0.0018697847479909012,1555.0827004035418,6.4
224,SPX,1555.25,SPXW130510P01580000,,put,2013-05-10,2013-04-19,1580.0,40.5,32.8,34.2,3,214,0.1271,-0.6936,0.0075,-143.8871,128.8358,1.0159138402186143,0.057534246575342465,-0.0018223064525851448,1555.0869483167203,33.5
225,SPX,1555.25,SPXW130510C01585000,,call,2013-05-10,2013-04-19,1585.0,4.9,4.7,5.1,239,1352,0.1039,0.2254,0.0079,-103.7255,110.2002,1.019128757434496,0.057534246575342465,-0.002702677813082135,1555.0081828204093,4.9
226,SPX,1555.25,SPXW130510C01590000,,call,2013-05-10,2013-04-19,1590.0,3.75,3.5,3.9,109,3458,0.1021,0.1845,0.0071,-90.4115,97.8035,1.0223436746503778,0.057534246575342465,-0.0035235013766246616,1554.9347485694277,3.7
227,SPX,1555.25,SPXW130510C01595000,,call,2013-05-10,2013-04-19,1595.0,2.75,2.55,2.85,105,4664,0.1002,0.1471,0.0063,-76.6148,84.493,1.0255585918662595,0.057534246575342465,-0.004557249120751946,1554.8422701796803,2.7
228,SPX,1555.25,SPXW130510C01600000,,call,2013-05-10,2013-04-19,1600.0,2.0,1.85,2.1,68,6957,0.0981,0.1137,0.0053,-62.7282,70.6915,1.028773509082141,0.057534246575342465,-0.005437911104449807,1554.7634910795018,1.975
229,SPX,1555.25,SPXW130510C01605000,,call,2013-05-10,2013-04-19,1605.0,1.3,1.3,1.55,61,204,0.0971,0.0876,0.0045,-51.2875,58.4197,1.0319884262980228,0.057534246575342465,-0.006232441237154306,1554.6924202784514,1.425
230,SPX,1555.25,SPXW130510C01610000,,call,2013-05-10,2013-04-19,1610.0,1.0,0.9,1.2,52,942,0.097,0.0677,0.0037,-42.1171,48.044,1.0352033435139045,0.057534246575342465,-0.007183492288123863,1554.607352937159,1.05
231,SPX,1555.25,SPXW130510C01615000,,call,2013-05-10,2013-04-19,1615.0,0.8,0.65,0.95,344,2311,0.098,0.0535,0.003,-35.3826,39.9663,1.0384182607297863,0.057534246575342465,-0.008101429817389915,1554.5252518693292,0.8
232,SPX,1555.25,SPXW130510C01620000,,call,2013-05-10,2013-04-19,1620.0,0.55,0.45,0.75,25,1841,0.0988,0.0417,0.0025,-29.2119,32.7407,1.041633177945668,0.057534246575342465,-0.009036026787640171,1554.4416652223797,0.6
233,SPX,1555.25,SPXW130510C01625000,,call,2013-05-10,2013-04-19,1625.0,0.45,0.3,0.6,1,1163,0.099,0.0315,0.0019,-23.2407,26.0037,1.0448480951615495,0.057534246575342465,-0.009726454345476044,1554.3799190059808,0.44999999999999996
234,SPX,1555.25,SPXW130510C01630000,,call,2013-05-10,2013-04-19,1630.0,0.3,0.15,0.5,40,391,0.0987,0.0229,0.0015,-17.7661,19.9442,1.0480630123774313,0.057534246575342465,-0.010775273701517919,1554.2861258395637,0.325
235,SPX,1555.25,SPXW130510C01640000,,call,2013-05-10,2013-04-19,1640.0,0.25,0.05,0.35,5,215,0.0995,0.0125,0.0009,-10.6699,11.8877,1.0544928468091948,0.057534246575342465,-0.012496940817563673,1554.1321739315222,0.19999999999999998
236,SPX,1555.25,SPXW130510C01650000,,call,2013-05-10,2013-04-19,1650.0,0.2,0.05,0.3,1,1669,0.0995,0.0062,0.0005,-5.7743,6.436,1.060922681240958,0.057534246575342465,-0.014337589941005102,1553.9675994883967,0.175
237,SPX,1555.25,SPXW130510C01660000,,call,2013-05-10,2013-04-19,1660.0,0.1,0.05,0.25,10,17,0.0995,0.0029,0.0002,-2.9352,3.2727,1.0673525156727215,0.057534246575342465,-0.016475760460473818,1553.7764452137512,0.15
238,SPX,1555.25,SPXW130510C01670000,,call,2013-05-10,2013-04-19,1670.0,0.1,0.05,0.25,10,46,0.0995,0.0013,0.0001,-1.403,1.5648,1.0737823501044848,0.057534246575342465,-0.016858432311668278,1553.7422365035368,0.15
239,SPX,1555.25,SPXW130510C01700000,,call,2013-05-10,2013-04-19,1700.0,0.1,0.05,0.2,1222,863,0.0995,0.0001,0.0,-0.1071,0.1196,1.093071853399775,0.057534246575342465,-0.0009083903936128335,1555.168719227172,0.125
240,SPX,1555.25,SPX130518P01010000,,put,2013-05-18,2013-04-19,1010.0,0.05,0.0,0.05,10,335,0.2495,0.0,0.0,0.0,0.0,0.6494132776081016,0.07945205479452055,inf,inf,0.025
241,SPX,1555.25,SPX130518P01025000,,put,2013-05-18,2013-04-19,1025.0,0.05,0.0,0.05,3600,430,0.2495,0.0,0.0,0.0,0.0,0.6590580292557466,0.07945205479452055,inf,inf,0.025
242,SPX,1555.25,SPX130518P01030000,,put,2013-05-18,2013-04-19,1030.0,0.05,0.0,0.05,215,385,0.2495,0.0,0.0,0.0,0.0,0.6622729464716284,0.07945205479452055,inf,inf,0.025
243,SPX,1555.25,SPX130518P01050000,,put,2013-05-18,2013-04-19,1050.0,0.05,0.0,0.1,5669,720,0.2495,0.0,0.0,0.0,0.0,0.6751326153351551,0.07945205479452055,inf,inf,0.05
244,SPX,1555.25,SPX130518P01065000,,put,2013-05-18,2013-04-19,1065.0,0.05,0.05,0.1,60,360,0.2495,0.0,0.0,-0.0001,0.0001,0.6847773669828002,0.07945205479452055,inf,inf,0.07500000000000001
245,SPX,1555.25,SPX130518P01075000,,put,2013-05-18,2013-04-19,1075.0,0.1,0.0,0.1,12,9038,0.2495,0.0,0.0,-0.0002,0.0001,0.6912072014145636,0.07945205479452055,inf,inf,0.05
246,SPX,1555.25,SPX130518P01100000,,put,2013-05-18,2013-04-19,1100.0,0.1,0.05,0.15,1209,20028,0.2495,0.0,0.0,-0.0009,0.0006,0.7072817874939721,0.07945205479452055,inf,inf,0.1
247,SPX,1555.25,SPX130518P01125000,,put,2013-05-18,2013-04-19,1125.0,0.15,0.0,0.15,1,3730,0.2495,0.0,0.0,-0.0045,0.0028,0.7233563735733805,0.07945205479452055,inf,inf,0.075
248,SPX,1555.25,SPX130518P01130000,,put,2013-05-18,2013-04-19,1130.0,0.2,0.0,0.25,250,1243,0.2495,0.0,0.0,-0.0061,0.0038,0.7265712907892622,0.07945205479452055,inf,inf,0.125
249,SPX,1555.25,SPX130518P01150000,,put,2013-05-18,2013-04-19,1150.0,0.15,0.05,0.2,32,7268,0.2495,0.0,0.0,-0.0189,0.0118,0.7394309596527889,0.07945205479452055,inf,inf,0.125
250,SPX,1555.25,SPX130518P01200000,,put,2013-05-18,2013-04-19,1200.0,0.3,0.2,0.25,9930,15046,0.2495,-0.0001,0.0,-0.2289,0.1427,0.7715801318116059,0.07945205479452055,-0.003018337574175158,1554.8770753593922,0.225
251,SPX,1555.25,SPX130518P01210000,,put,2013-05-18,2013-04-19,1210.0,0.3,0.05,0.3,1,1381,0.2495,-0.0001,0.0,-0.3564,0.2221,0.7780099662433693,0.07945205479452055,0.10143211164526364,1567.8343843207203,0.175
252,SPX,1555.25,SPX130518P01215000,,put,2013-05-18,2013-04-19,1215.0,0.3,0.05,0.3,21,4639,0.2495,-0.0002,0.0,-0.4417,0.2753,0.7812248834592509,0.07945205479452055,-0.005048602567988475,1554.6262803482564,0.175
253,SPX,1555.25,SPX130518P01220000,,put,2013-05-18,2013-04-19,1220.0,0.3,0.05,0.35,1,1108,0.2495,-0.0002,0.0,-0.5451,0.3397,0.7844398006751326,0.07945205479452055,0.04664020476713231,1561.0239193620355,0.19999999999999998
254,SPX,1555.25,SPX130518P01225000,,put,2013-05-18,2013-04-19,1225.0,0.3,0.2,0.3,494,13863,0.2495,-0.0003,0.0,-0.6698,0.4175,0.7876547178910143,0.07945205479452055,0.0021056745537662187,1555.5102153558616,0.25
255,SPX,1555.25,SPX130518P01230000,,put,2013-05-18,2013-04-19,1230.0,0.35,0.05,0.35,12,1529,0.2495,-0.0003,0.0,-0.8194,0.5108,0.790869635106896,0.07945205479452055,0.05337339063952751,1561.8592366430282,0.19999999999999998
256,SPX,1555.25,SPX130518P01245000,,put,2013-05-18,2013-04-19,1245.0,0.55,0.05,0.45,330,1370,0.2495,-0.0006,0.0,-1.4633,0.9122,0.8005143867545411,0.07945205479452055,0.03533615371090193,1559.622546220227,0.25
257,SPX,1555.25,SPX130518P01250000,,put,2013-05-18,2013-04-19,1250.0,0.45,0.25,0.4,39,35580,0.2495,-0.0007,0.0,-1.7607,1.0976,0.8037293039704227,0.07945205479452055,0.04663248372495227,1561.0229617480436,0.325
258,SPX,1555.25,SPX130518P01260000,,put,2013-05-18,2013-04-19,1260.0,0.4,0.1,0.45,12,5368,0.2495,-0.0011,0.0,-2.5187,1.5702,0.8101591384021861,0.07945205479452055,0.029340631312267457,1558.8797866903988,0.275
259,SPX,1555.25,SPX130518P01275000,,put,2013-05-18,2013-04-19,1275.0,0.5,0.35,0.5,280,19043,0.2495,-0.0019,0.0001,-4.1836,2.6084,0.8198038900498312,0.07945205479452055,0.0300196210850843,1558.9638860534524,0.425
260,SPX,1555.25,SPX130518P01280000,,put,2013-05-18,2013-04-19,1280.0,0.53,0.15,0.55,5,2380,0.2495,-0.0023,0.0001,-4.9166,3.0656,0.8230188072657129,0.07945205479452055,0.02571384632018268,1558.430651588461,0.35000000000000003
261,SPX,1555.25,SPX130518P01285000,,put,2013-05-18,2013-04-19,1285.0,0.65,0.2,0.65,31,1250,0.2495,-0.0027,0.0001,-5.7563,3.5892,0.8262337244815946,0.07945205479452055,0.029076850584688726,1558.847116153614,0.42500000000000004
262,SPX,1555.25,SPX130518P01290000,,put,2013-05-18,2013-04-19,1290.0,0.6,0.2,0.6,6,3867,0.2495,-0.0032,0.0001,-6.7141,4.1866,0.8294486416974763,0.07945205479452055,0.028741683304213565,1558.8056050298671,0.4
263,SPX,1555.25,SPX130518P01295000,,put,2013-05-18,2013-04-19,1295.0,0.6,0.55,0.75,6,1352,0.2495,-0.0038,0.0001,-7.8024,4.8654,0.832663558913358,0.07945205479452055,0.026792257778953357,1558.5641867740885,0.65
264,SPX,1555.25,SPX130518P01300000,,put,2013-05-18,2013-04-19,1300.0,0.7,0.55,0.65,4243,29044,0.2495,-0.0044,0.0001,-9.034,5.6336,0.8358784761292397,0.07945205479452055,0.03137779607061371,1559.1321226012913,0.6000000000000001
265,SPX,1555.25,SPX130518P01315000,,put,2013-05-18,2013-04-19,1315.0,0.9,0.35,1.0,30,1078,0.2495,-0.0071,0.0002,-13.7236,8.5591,0.8455232277768847,0.07945205479452055,0.027452249440451316,1558.6459164282924,0.675
266,SPX,1555.25,SPX130518P01320000,,put,2013-05-18,2013-04-19,1320.0,0.87,0.4,1.05,48,6812,0.2495,-0.0083,0.0002,-15.6652,9.7703,0.8487381449927665,0.07945205479452055,0.025017009396475356,1558.3443712684204,0.7250000000000001
267,SPX,1555.25,SPX130518P01325000,,put,2013-05-18,2013-04-19,1325.0,0.7,0.45,0.85,2763,24840,0.2495,-0.0096,0.0002,-17.8195,11.1145,0.8519530622086481,0.07945205479452055,0.0249589969413273,1558.3371885504384,0.65
268,SPX,1555.25,SPX130518P01330000,,put,2013-05-18,2013-04-19,1330.0,1.15,0.5,1.1,8,2283,0.2495,-0.0111,0.0003,-20.2007,12.6003,0.8551679794245298,0.07945205479452055,0.023950028982024484,1558.2122701150618,0.8
269,SPX,1555.25,SPX130518P01335000,,put,2013-05-18,2013-04-19,1335.0,1.1,0.55,1.15,3,6069,0.2495,-0.0127,0.0003,-22.8226,14.2363,0.8583828966404116,0.07945205479452055,0.025447274227201628,1558.3976448434885,0.85
270,SPX,1555.25,SPX130518P01340000,,put,2013-05-18,2013-04-19,1340.0,0.95,0.6,1.2,6,13572,0.2495,-0.0146,0.0003,-25.6984,16.031,0.8615978138562932,0.07945205479452055,0.024267959321344183,1558.251631394984,0.8999999999999999
271,SPX,1555.25,SPX130518P01345000,,put,2013-05-18,2013-04-19,1345.0,1.0,0.65,1.25,12,1281,0.2495,-0.0167,0.0004,-28.8407,17.9921,0.8648127310721749,0.07945205479452055,0.02375821110184408,1558.1885226350323,0.95
272,SPX,1555.25,SPX130518P01350000,,put,2013-05-18,2013-04-19,1350.0,1.0,0.55,1.45,3939,33997,0.2495,-0.019,0.0004,-32.2611,20.1269,0.8680276482880566,0.07945205479452055,0.024089826040234037,1558.2295775296766,1.0
273,SPX,1555.25,SPX130518P01355000,,put,2013-05-18,2013-04-19,1355.0,1.4,0.75,1.35,3,4196,0.2495,-0.0217,0.0005,-35.9701,22.442,0.8712425655039383,0.07945205479452055,0.02192276335250797,1557.961308422248,1.05
274,SPX,1555.25,SPX130518P01360000,,put,2013-05-18,2013-04-19,1360.0,1.3,0.85,1.4,1368,4137,0.2495,-0.0246,0.0005,-39.9767,24.9431,0.8744574827198199,0.07945205479452055,0.021380634586697134,1557.8942034192596,1.125
275,SPX,1555.25,SPX130518P01370000,,put,2013-05-18,2013-04-19,1370.0,1.45,0.95,1.55,506,2011,0.2454,-0.0292,0.0006,-45.4755,28.8518,0.8808873171515833,0.07945205479452055,0.0214193262891569,1557.8989926041293,1.25
276,SPX,1555.25,SPX130518P01375000,,put,2013-05-18,2013-04-19,1375.0,1.3,1.0,1.45,833,20500,0.239,-0.0296,0.0007,-44.7776,29.1721,0.884102234367465,0.07945205479452055,0.020777983862447235,1557.819610366662,1.225
277,SPX,1555.25,SPX130518P01380000,,put,2013-05-18,2013-04-19,1380.0,1.4,1.1,1.7,62,11223,0.2386,-0.0333,0.0007,-49.1996,32.1088,0.8873171515833467,0.07945205479452055,0.01957518886564131,1557.670745174782,1.4
278,SPX,1555.25,SPX130518P01385000,,put,2013-05-18,2013-04-19,1385.0,2.3,1.2,1.8,63,1430,0.2356,-0.0357,0.0008,-51.5418,34.0684,0.8905320687992284,0.07945205479452055,0.020005066965629436,1557.723947857776,1.5
279,SPX,1555.25,SPX130518P01390000,,put,2013-05-18,2013-04-19,1390.0,2.05,1.3,1.9,220,9382,0.2324,-0.0383,0.0008,-53.803,36.0556,0.8937469860151102,0.07945205479452055,0.01912512844153127,1557.6150466289034,1.6
280,SPX,1555.25,SPX130518P01395000,,put,2013-05-18,2013-04-19,1395.0,2.1,1.4,2.0,869,7525,0.229,-0.041,0.0009,-55.9699,38.0679,0.8969619032309918,0.07945205479452055,0.018098065675346914,1557.487946926744,1.7
281,SPX,1555.25,SPX130518P01400000,,put,2013-05-18,2013-04-19,1400.0,2.0,1.8,2.0,9713,66324,0.2281,-0.0455,0.001,-60.7032,41.4535,0.9001768204468735,0.07945205479452055,0.018087781228282574,1557.4866742720094,1.9
282,SPX,1555.25,SPX130518P01405000,,put,2013-05-18,2013-04-19,1405.0,2.15,1.65,2.2,800,3601,0.2223,-0.047,0.001,-60.6759,42.5205,0.9033917376627552,0.07945205479452055,0.01727763608787271,1557.3864256695203,1.925
283,SPX,1555.25,SPX130518P01410000,,put,2013-05-18,2013-04-19,1410.0,2.05,1.75,2.35,1266,8151,0.2188,-0.0503,0.0011,-63.0181,44.8728,0.9066066548786369,0.07945205479452055,0.016573407858715163,1557.2992886304417,2.05
284,SPX,1555.25,SPX130518P01415000,,put,2013-05-18,2013-04-19,1415.0,2.45,1.9,2.55,59,4760,0.2162,-0.0545,0.0012,-66.4101,47.8617,0.9098215720945185,0.07945205479452055,0.016442977308470618,1557.2831504601156,2.2249999999999996
285,SPX,1555.25,SPX130518P01420000,,put,2013-05-18,2013-04-19,1420.0,2.41,2.05,2.7,329,13736,0.2128,-0.0585,0.0013,-69.0699,50.5797,0.9130364893104003,0.07945205479452055,0.01565170697852161,1557.185250176955,2.375
286,SPX,1555.25,SPX130518P01425000,,put,2013-05-18,2013-04-19,1425.0,2.7,2.5,2.9,9508,28755,0.2125,-0.0655,0.0014,-75.3171,55.2379,0.9162514065262819,0.07945205479452055,0.015073679028352993,1557.1137372948604,2.7
287,SPX,1555.25,SPX130518P01430000,,put,2013-05-18,2013-04-19,1430.0,2.76,2.4,3.1,721,8940,0.2066,-0.068,0.0015,-75.3764,56.8682,0.9194663237421636,0.07945205479452055,0.014626401520075955,1557.058402944864,2.75
288,SPX,1555.25,SPX130518P01435000,,put,2013-05-18,2013-04-19,1435.0,3.5,2.6,3.3,17,6037,0.2033,-0.0731,0.0016,-78.4688,60.1703,0.9226812409580454,0.07945205479452055,0.014539682605066852,1557.0476748556744,2.95
289,SPX,1555.25,SPX130518P01440000,,put,2013-05-18,2013-04-19,1440.0,3.2,2.85,3.6,2781,7940,0.2009,-0.0797,0.0017,-82.7396,64.2119,0.925896158173927,0.07945205479452055,0.013649693303577078,1556.9375776047189,3.225
290,SPX,1555.25,SPX130518P01445000,,put,2013-05-18,2013-04-19,1445.0,3.65,3.1,3.9,66,3498,0.1982,-0.0864,0.0018,-86.7874,68.2807,0.9291110753898087,0.07945205479452055,0.013516980453410522,1556.921160860914,3.5
291,SPX,1555.25,SPX130518C01450000,,call,2013-05-18,2013-04-19,1450.0,101.0,102.4,108.1,2,3428,0.1186,0.984,0.0008,-17.2228,17.3726,0.9323259926056904,0.07945205479452055,0.013294300403392799,1556.8936154520466,105.25
292,SPX,1555.25,SPX130518P01450000,,put,2013-05-18,2013-04-19,1450.0,3.8,3.6,4.1,8219,50254,0.1962,-0.0946,0.002,-91.8247,72.9912,0.9323259926056904,0.07945205479452055,0.012693726935595201,1556.8193272493043,3.8499999999999996
293,SPX,1555.25,SPX130518P01455000,,put,2013-05-18,2013-04-19,1455.0,4.35,3.6,4.5,12,3055,0.1916,-0.1005,0.0021,-93.7252,76.3047,0.9355409098215721,0.07945205479452055,0.012209679949899584,1556.7594554214897,4.05
294,SPX,1555.25,SPX130518P01460000,,put,2013-05-18,2013-04-19,1460.0,4.6,3.9,4.8,1097,11996,0.1881,-0.1082,0.0023,-97.0645,80.5088,0.9387558270374537,0.07945205479452055,0.011779204916935099,1556.7062118491158,4.35
295,SPX,1555.25,SPX130518P01465000,,put,2013-05-18,2013-04-19,1465.0,5.0,4.3,5.2,112,3051,0.1855,-0.1177,0.0025,-101.6256,85.4898,0.9419707442533355,0.07945205479452055,0.011254256572203133,1556.641285750704,4.75
296,SPX,1555.25,SPX130518P01470000,,put,2013-05-18,2013-04-19,1470.0,5.09,4.7,5.6,1406,7609,0.1825,-0.1275,0.0026,-105.7398,90.4319,0.9451856614692171,0.07945205479452055,0.010805104511949753,1556.5857363567377,5.15
297,SPX,1555.25,SPX130518C01475000,,call,2013-05-18,2013-04-19,1475.0,74.0,79.4,84.9,2,12330,0.1186,0.9481,0.0021,-39.0538,46.0652,0.9484005786850989,0.07945205479452055,0.010619261389763468,1556.562752576169,82.15
298,SPX,1555.25,SPX130518P01475000,,put,2013-05-18,2013-04-19,1475.0,5.76,5.4,6.5,6025,45100,0.1832,-0.1428,0.0028,-114.7314,97.7642,0.9484005786850989,0.07945205479452055,0.01044367110113795,1556.5410371063126,5.95
299,SPX,1555.25,SPX130518C01480000,,call,2013-05-18,2013-04-19,1480.0,75.8,75.4,80.3,10,624,0.1186,0.9362,0.0024,-45.176,54.129,0.9516154959009806,0.07945205479452055,0.009845037201292277,1556.4670055827642,77.85
300,SPX,1555.25,SPX130518P01480000,,put,2013-05-18,2013-04-19,1480.0,5.9,5.6,6.5,1877,10144,0.1763,-0.1495,0.003,-113.8086,100.8034,0.9516154959009806,0.07945205479452055,0.009846786693261724,1556.4672219328322,6.05
301,SPX,1555.25,SPX130518P01485000,,put,2013-05-18,2013-04-19,1485.0,6.6,6.1,7.0,786,2068,0.1731,-0.1618,0.0033,-117.7098,106.2149,0.9548304131168622,0.07945205479452055,0.009442085029210956,1556.4171755008176,6.55
302,SPX,1555.25,SPX130518C01490000,,call,2013-05-18,2013-04-19,1490.0,66.95,66.4,71.6,10,1977,0.1186,0.9066,0.0032,-58.9737,72.3248,0.958045330332744,0.07945205479452055,0.008964232311861007,1556.3580850961857,69.0
303,SPX,1555.25,SPX130518P01490000,,put,2013-05-18,2013-04-19,1490.0,8.45,6.7,7.6,131,30896,0.1703,-0.1758,0.0035,-122.0919,112.0125,0.958045330332744,0.07945205479452055,0.008834090110251758,1556.341992335104,7.15
304,SPX,1555.25,SPX130518C01495000,,call,2013-05-18,2013-04-19,1495.0,63.93,61.8,66.9,24,318,0.1186,0.8885,0.0037,-66.4967,82.2585,0.9612602475486256,0.07945205479452055,0.008415771815571895,1556.29026622616,64.35
305,SPX,1555.25,SPX130518P01495000,,put,2013-05-18,2013-04-19,1495.0,8.0,7.3,8.3,898,7623,0.1674,-0.1908,0.0038,-126.2579,117.8783,0.9612602475486256,0.07945205479452055,0.008327886621380108,1556.2793992194547,7.800000000000001
306,SPX,1555.25,SPX130518C01500000,,call,2013-05-18,2013-04-19,1500.0,60.8,57.6,62.6,59,38765,0.1186,0.8682,0.0042,-74.2941,92.5648,0.9644751647645073,0.07945205479452055,0.008083506593418721,1556.2491820210587,60.1
307,SPX,1555.25,SPX130518P01500000,,put,2013-05-18,2013-04-19,1500.0,8.6,8.2,9.0,27471,105812,0.1653,-0.2081,0.004,-131.3263,124.2084,0.9644751647645073,0.07945205479452055,0.007870364634597747,1556.222827838802,8.6
308,SPX,1555.25,SPX130518C01505000,,call,2013-05-18,2013-04-19,1505.0,55.22,53.6,58.5,19,4155,0.1186,0.8454,0.0046,-82.2323,103.069,0.967690081980389,0.07945205479452055,0.007462555829093567,1556.172405094582,56.05
309,SPX,1555.25,SPX130518P01505000,,put,2013-05-18,2013-04-19,1505.0,10.65,8.8,9.8,50,5025,0.1617,-0.2247,0.0043,-134.2666,129.8675,0.967690081980389,0.07945205479452055,0.00748095975995553,1556.1746805784135,9.3
310,SPX,1555.25,SPX130518C01510000,,call,2013-05-18,2013-04-19,1510.0,50.45,50.9,53.1,14,2373,0.1186,0.8203,0.0051,-90.1592,113.5725,0.9709049991962707,0.07945205479452055,0.006966703459305855,1556.1110985721634,52.0
311,SPX,1555.25,SPX130518P01510000,,put,2013-05-18,2013-04-19,1510.0,10.08,9.6,10.7,1516,20497,0.1588,-0.2437,0.0046,-137.8633,135.8379,0.9709049991962707,0.07945205479452055,0.0069988443137110785,1556.1150723511205,10.149999999999999
312,SPX,1555.25,SPX130518P01515000,,put,2013-05-18,2013-04-19,1515.0,11.0,10.5,11.7,66,10091,0.156,-0.2644,0.0048,-141.2666,141.7541,0.9741199164121523,0.07945205479452055,0.006389989804312943,1556.0397975069334,11.1
313,SPX,1555.25,SPX130518C01520000,,call,2013-05-18,2013-04-19,1520.0,44.0,42.9,45.1,1410,5361,0.1186,0.7633,0.006,-105.3096,133.6986,0.9773348336280341,0.07945205479452055,0.006081666013590647,1556.0016797311418,44.0
314,SPX,1555.25,SPX130518P01520000,,put,2013-05-18,2013-04-19,1520.0,12.15,11.5,12.8,719,18297,0.1532,-0.2865,0.0051,-144.271,147.4895,0.9773348336280341,0.07945205479452055,0.0060562429092793375,1555.998536738707,12.15
315,SPX,1555.25,SPX130518C01525000,,call,2013-05-18,2013-04-19,1525.0,38.81,39.1,40.5,151,21006,0.1186,0.7315,0.0064,-112.1847,142.8641,0.9805497508439158,0.07945205479452055,0.0055073542434929835,1555.9306806050085,39.8
316,SPX,1555.25,SPX130518P01525000,,put,2013-05-18,2013-04-19,1525.0,13.3,13.1,13.9,7389,44734,0.1518,-0.3118,0.0054,-148.4728,153.2625,0.9805497508439158,0.07945205479452055,0.005553188247796591,1555.9363467015496,13.5
317,SPX,1555.25,SPX130518C01530000,,call,2013-05-18,2013-04-19,1530.0,36.3,35.4,37.4,1582,5089,0.1186,0.6979,0.0068,-118.3654,151.132,0.9837646680597975,0.07945205479452055,0.005057103370009218,1555.8750207367693,36.4
318,SPX,1555.25,SPX130518P01530000,,put,2013-05-18,2013-04-19,1530.0,14.5,13.9,15.2,899,13113,0.1476,-0.3358,0.0057,-148.7409,158.0176,0.9837646680597975,0.07945205479452055,0.0050882368921720544,1555.8788693886902,14.55
319,SPX,1555.25,SPX130518C01535000,,call,2013-05-18,2013-04-19,1535.0,31.6,31.8,33.8,95,11312,0.1186,0.6626,0.0071,-123.695,158.2957,0.9869795852756792,0.07945205479452055,0.004550259537679341,1555.8123672473785,32.8
320,SPX,1555.25,SPX130518P01535000,,put,2013-05-18,2013-04-19,1535.0,16.09,15.3,16.6,2986,12354,0.145,-0.3632,0.006,-150.2526,162.6002,0.9869795852756792,0.07945205479452055,0.004537618804335711,1555.810804695646,15.950000000000001
321,SPX,1555.25,SPX130518C01540000,,call,2013-05-18,2013-04-19,1540.0,29.6,28.5,30.0,1470,5139,0.1186,0.626,0.0074,-128.0359,164.1735,0.9901945024915608,0.07945205479452055,0.004124003250544524,1555.7596775388054,29.25
322,SPX,1555.25,SPX130518P01540000,,put,2013-05-18,2013-04-19,1540.0,17.4,16.8,18.0,5106,29131,0.1419,-0.3919,0.0062,-150.4221,166.4776,0.9901945024915608,0.07945205479452055,0.0040324584191541255,1555.7483618786873,17.4
323,SPX,1555.25,SPX130518C01545000,,call,2013-05-18,2013-04-19,1545.0,26.05,25.3,26.9,1190,2223,0.1186,0.5883,0.0076,-131.2755,168.6163,0.9934094197074426,0.07945205479452055,0.0036442967998951727,1555.7003829684058,26.1
324,SPX,1555.25,SPX130518P01545000,,put,2013-05-18,2013-04-19,1545.0,19.2,18.4,19.9,1442,5969,0.1397,-0.4227,0.0065,-150.7487,169.6156,0.9934094197074426,0.07945205479452055,0.003657321396846526,1555.7019928562072,19.15
325,SPX,1555.25,SPX130518C01550000,,call,2013-05-18,2013-04-19,1550.0,23.0,22.2,23.7,21153,63013,0.1162,0.5506,0.0079,-130.6531,171.4726,0.9966243369233242,0.07945205479452055,0.0031181354274909664,1555.6353488921386,22.95
326,SPX,1555.25,SPX130518P01550000,,put,2013-05-18,2013-04-19,1550.0,21.05,21.0,21.7,18996,73803,0.1394,-0.4554,0.0066,-152.2226,171.7859,0.9966243369233242,0.07945205479452055,0.0031293531882708395,1555.6367353903206,21.35
327,SPX,1555.25,SPX130518C01555000,,call,2013-05-18,2013-04-19,1555.0,19.95,19.2,20.7,705,1705,0.1137,0.5111,0.0081,-128.7022,172.8009,0.9998392541392059,0.07945205479452055,0.0027375663733566584,1555.588311867584,19.95
328,SPX,1555.25,SPX130518P01555000,,put,2013-05-18,2013-04-19,1555.0,23.2,22.5,23.9,674,4904,0.1359,-0.4885,0.0068,-149.0855,172.7952,0.9998392541392059,0.07945205479452055,0.002642252476174391,1555.576531620825,23.2
329,SPX,1555.25,SPX130518C01560000,,call,2013-05-18,2013-04-19,1560.0,17.15,16.5,17.9,5661,10113,0.1117,0.4699,0.0082,-125.9999,172.3751,1.0030541713550876,0.07945205479452055,0.002215955309938406,1555.523844846917,17.2
330,SPX,1555.25,SPX130518P01560000,,put,2013-05-18,2013-04-19,1560.0,24.9,24.4,26.0,691,14677,0.1325,-0.5233,0.0069,-144.9565,172.5736,1.0030541713550876,0.07945205479452055,0.0021338746233945487,1555.5137005635877,25.2
331,SPX,1555.25,SPX130518C01565000,,call,2013-05-18,2013-04-19,1565.0,14.5,14.0,15.3,125,3831,0.1099,0.4279,0.0082,-122.1706,170.0352,1.0062690885709693,0.07945205479452055,0.0017662095649345101,1555.4682619586754,14.65
332,SPX,1555.25,SPX130518P01565000,,put,2013-05-18,2013-04-19,1565.0,30.8,26.7,28.6,157,3521,0.1305,-0.5587,0.007,-141.2423,170.9898,1.0062690885709693,0.07945205479452055,0.0017731572989436728,1555.4691205956592,27.65
333,SPX,1555.25,SPX130518C01570000,,call,2013-05-18,2013-04-19,1570.0,12.0,11.7,12.9,653,23675,0.1077,0.385,0.0082,-116.5289,165.6334,1.009484005786851,0.07945205479452055,0.0012926538570743502,1555.4097386066617,12.3
334,SPX,1555.25,SPX130518P01570000,,put,2013-05-18,2013-04-19,1570.0,32.3,29.4,31.5,3512,17429,0.1296,-0.5938,0.0069,-137.6495,168.064,1.009484005786851,0.07945205479452055,0.0012864424430011137,1555.4089709971954,30.45
335,SPX,1555.25,SPX130518C01575000,,call,2013-05-18,2013-04-19,1575.0,10.2,9.9,10.4,3702,49221,0.1048,0.3408,0.0081,-108.7179,158.9185,1.0126989230027328,0.07945205479452055,0.0007912668468020318,1555.3477781834922,10.15
336,SPX,1555.25,SPX130518P01575000,,put,2013-05-18,2013-04-19,1575.0,35.9,30.9,35.7,3625,19639,0.1279,-0.6294,0.0068,-132.0463,163.6922,1.0126989230027328,0.07945205479452055,0.0007876875719583527,1555.3473358726012,33.3
337,SPX,1555.25,SPX130518C01580000,,call,2013-05-18,2013-04-19,1580.0,8.15,7.8,8.7,3735,17001,0.1025,0.2977,0.0078,-100.3823,150.133,1.0159138402186143,0.07945205479452055,0.00036220031672477924,1555.2947569432686,8.25
338,SPX,1555.25,SPX130518C01585000,,call,2013-05-18,2013-04-19,1585.0,6.6,6.4,7.1,1981,13503,0.1015,0.2584,0.0074,-92.6936,140.1047,1.019128757434496,0.07945205479452055,-0.0001089780131006907,1555.2365338840755,6.75
339,SPX,1555.25,SPX130518P01585000,,put,2013-05-18,2013-04-19,1585.0,45.15,37.5,42.6,1,2779,0.1277,-0.6945,0.0063,-121.824,151.8851,1.019128757434496,0.07945205479452055,-0.00010707597535202645,1555.236768912694,40.05
340,SPX,1555.25,SPX130518C01590000,,call,2013-05-18,2013-04-19,1590.0,5.1,4.4,5.5,6680,12206,0.0966,0.212,0.0069,-79.0318,125.5687,1.0223436746503778,0.07945205479452055,-0.0005349764425936982,1555.1838955384342,4.95
341,SPX,1555.25,SPX130518P01590000,,put,2013-05-18,2013-04-19,1590.0,46.55,41.0,46.3,559,1888,0.1275,-0.7252,0.006,-115.4566,144.5432,1.0223436746503778,0.07945205479452055,-0.0006591481070842477,1555.1685526458607,43.65
342,SPX,1555.25,SPX130518C01595000,,call,2013-05-18,2013-04-19,1595.0,4.05,3.7,4.2,803,9811,0.0963,0.179,0.0063,-71.042,113.304,1.0255585918662595,0.07945205479452055,-0.001026516796002149,1555.1231607419213,3.95
343,SPX,1555.25,SPX130518C01600000,,call,2013-05-18,2013-04-19,1600.0,3.1,2.8,3.3,8506,49473,0.0955,0.1481,0.0056,-62.2427,100.1615,1.028773509082141,0.07945205479452055,-0.0014453924238111045,1555.071406281167,3.05
344,SPX,1555.25,SPX130518P01600000,,put,2013-05-18,2013-04-19,1600.0,54.15,48.9,54.4,362,16886,0.1297,-0.7767,0.0053,-104.617,129.4086,1.028773509082141,0.07945205479452055,-0.0015824510603255834,1555.0544722828702,51.65
345,SPX,1555.25,SPX130518C01605000,,call,2013-05-18,2013-04-19,1605.0,2.35,2.1,2.5,664,13273,0.0934,0.1173,0.0049,-51.8073,85.2846,1.0319884262980228,0.07945205479452055,-0.0019010196717906677,1555.0151129048857,2.3
346,SPX,1555.25,SPX130518P01605000,,put,2013-05-18,2013-04-19,1605.0,67.85,53.1,58.7,8,85,0.1314,-0.7984,0.0049,-99.5697,121.8954,1.0319884262980228,0.07945205479452055,-0.0020047778705195637,1555.0022937208864,55.900000000000006
347,SPX,1555.25,SPX130518C01610000,,call,2013-05-18,2013-04-19,1610.0,1.85,1.55,2.0,2649,29998,0.0931,0.0947,0.0042,-44.2091,73.049,1.0352033435139045,0.07945205479452055,-0.0023375910867242887,1554.9611758148712,1.775
348,SPX,1555.25,SPX130518P01610000,,put,2013-05-18,2013-04-19,1610.0,63.17,57.5,63.2,10,261,0.1341,-0.8164,0.0046,-95.7608,115.1354,1.0352033435139045,0.07945205479452055,-0.002531170370861282,1554.9372602731225,60.35
349,SPX,1555.25,SPX130518C01615000,,call,2013-05-18,2013-04-19,1615.0,1.44,1.1,1.65,220,6005,0.0932,0.0763,0.0036,-37.6265,62.1357,1.0384182607297863,0.07945205479452055,-0.0028187918024617075,1554.9017270759925,1.375
350,SPX,1555.25,SPX130518C01620000,,call,2013-05-18,2013-04-19,1620.0,1.0,0.85,1.1,4500,17873,0.092,0.0582,0.0029,-30.1117,50.3948,1.041633177945668,0.07945205479452055,-0.003294206494653895,1554.8429953889163,0.9750000000000001
351,SPX,1555.25,SPX130518C01625000,,call,2013-05-18,2013-04-19,1625.0,0.77,0.7,0.9,5246,51515,0.0938,0.0487,0.0025,-26.6549,43.7731,1.0448480951615495,0.07945205479452055,-0.003827690267965443,1554.7770926164806,0.8
352,SPX,1555.25,SPX130518P01625000,,put,2013-05-18,2013-04-19,1625.0,79.0,71.6,77.1,6,563,0.1456,-0.8545,0.0036,-88.9494,98.9953,1.0448480951615495,0.07945205479452055,-0.003860157008654494,1554.773081997554,74.35
353,SPX,1555.25,SPX130518C01630000,,call,2013-05-18,2013-04-19,1630.0,0.7,0.5,0.75,1540,31646,0.0942,0.0386,0.0021,-22.1681,36.2637,1.0480630123774313,0.07945205479452055,-0.004170279935116832,1554.7347730104332,0.625
354,SPX,1555.25,SPX130518C01635000,,call,2013-05-18,2013-04-19,1635.0,0.55,0.5,0.75,777,8070,0.0992,0.0369,0.0019,-22.5044,34.9736,1.051277929593313,0.07945205479452055,-0.004730757124671156,1554.6655405576782,0.625
355,SPX,1555.25,SPX130518C01640000,,call,2013-05-18,2013-04-19,1640.0,0.45,0.35,0.55,979,13032,0.0986,0.0281,0.0015,-17.84,27.9014,1.0544928468091948,0.07945205479452055,-0.004981261923386179,1554.6345981692457,0.45
356,SPX,1555.25,SPX130518P01640000,,put,2013-05-18,2013-04-19,1640.0,91.58,85.9,91.4,4,20,0.1567,-0.8827,0.0029,-82.043,85.2998,1.0544928468091948,0.07945205479452055,-0.005222808169315384,1554.604762925732,88.65
357,SPX,1555.25,SPX130518C01645000,,call,2013-05-18,2013-04-19,1645.0,0.45,0.3,0.6,88,8877,0.103,0.0266,0.0014,-17.8143,26.6803,1.0577077640250763,0.07945205479452055,-0.005618756531329401,1554.555857522185,0.44999999999999996
358,SPX,1555.25,SPX130518C01650000,,call,2013-05-18,2013-04-19,1650.0,0.35,0.25,0.4,1316,32174,0.1023,0.02,0.0011,-13.9289,21.0088,1.060922681240958,0.07945205479452055,-0.006264595457972467,1554.4760902868243,0.325
359,SPX,1555.25,SPX130518P01650000,,put,2013-05-18,2013-04-19,1650.0,99.5,96.1,101.5,3,14,0.1567,-0.9079,0.0024,-68.0734,71.5919,1.060922681240958,0.07945205479452055,-0.0061739053463991935,1554.4872911290738,98.8
360,SPX,1555.25,SPX130518C01655000,,call,2013-05-18,2013-04-19,1655.0,0.3,0.25,0.35,81,5260,0.1057,0.0184,0.001,-13.3605,19.5087,1.0641375984568398,0.07945205479452055,-0.006143461819483208,1554.491051128676,0.3
361,SPX,1555.25,SPX130518C01660000,,call,2013-05-18,2013-04-19,1660.0,0.25,0.2,0.3,1082,2958,0.1074,0.0155,0.0008,-11.7662,16.9127,1.0673525156727215,0.07945205479452055,-0.007277380058692218,1554.3510100208764,0.25
362,SPX,1555.25,SPX130518C01665000,,call,2013-05-18,2013-04-19,1665.0,0.25,0.2,0.25,101,1406,0.1103,0.014,0.0007,-11.0648,15.4899,1.070567432888603,0.07945205479452055,-0.007668550876845132,1554.3027025909248,0.225
363,SPX,1555.25,SPX130518C01670000,,call,2013-05-18,2013-04-19,1670.0,0.2,0.15,0.25,233,16505,0.1121,0.012,0.0006,-9.8319,13.5455,1.0737823501044848,0.07945205479452055,-0.007959881654551063,1554.2667258285637,0.2
364,SPX,1555.25,SPX130518C01675000,,call,2013-05-18,2013-04-19,1675.0,0.05,0.15,0.25,1144,4705,0.1162,0.0117,0.0006,-9.9256,13.1949,1.0769972673203665,0.07945205479452055,-0.007635419178202125,1554.3067941140457,0.2
365,SPX,1555.25,SPX130518C01680000,,call,2013-05-18,2013-04-19,1680.0,0.15,0.1,0.25,7,2930,0.1176,0.0099,0.0005,-8.6771,11.3997,1.0802121845362482,0.07945205479452055,-0.00794272416824492,1554.2688446025884,0.175
366,SPX,1555.25,SPX130518C01685000,,call,2013-05-18,2013-04-19,1685.0,0.15,0.1,0.25,5,2316,0.1186,0.0082,0.0004,-7.4137,9.6593,1.08342710175213,0.07945205479452055,-0.008281848803194058,1554.2269667153164,0.175
367,SPX,1555.25,SPX130518C01690000,,call,2013-05-18,2013-04-19,1690.0,0.13,0.1,0.25,3,1142,0.1186,0.0064,0.0003,-5.9525,7.7564,1.0866420189680115,0.07945205479452055,-0.008603366026631955,1554.1872641774123,0.175
368,SPX,1555.25,SPX130518C01700000,,call,2013-05-18,2013-04-19,1700.0,0.15,0.1,0.15,2016,5109,0.1186,0.0038,0.0002,-3.7538,4.8926,1.093071853399775,0.07945205479452055,-0.010108295344698981,1554.0014415406881,0.125
369,SPX,1555.25,SPX130518C01750000,,call,2013-05-18,2013-04-19,1750.0,0.05,0.0,0.1,401,3267,0.1186,0.0002,0.0,-0.2453,0.32,1.125221025558592,0.07945205479452055,-0.011636479003053498,1553.8127702863176,0.05
370,SPX,1555.25,SPX130518C02000000,,call,2013-05-18,2013-04-19,2000.0,0.05,0.0,0.05,2500,0,0.1186,0.0,0.0,0.0,0.0,1.2859668863526763,0.07945205479452055,-inf,0.0,0.025
371,SPX,1555.25,SPX130518P02000000,,put,2013-05-18,2013-04-19,2000.0,451.75,445.8,451.1,2500,0,0.1567,-1.0,0.0,5.5468,0.0,1.2859668863526763,0.07945205479452055,-inf,0.0,448.45000000000005
372,SPX,1555.25,SPXW130524P01250000,,put,2013-05-24,2013-04-19,1250.0,0.55,0.35,0.65,31,0,0.31,-0.0094,0.0002,-19.8561,12.0755,0.8037293039704227,0.0958904109589041,0.025422103968648337,1559.0459137473304,0.5
373,SPX,1555.25,SPXW130524P01300000,,put,2013-05-24,2013-04-19,1300.0,1.0,0.75,1.1,2,0,0.2852,-0.018,0.0003,-31.9772,21.1462,0.8358784761292397,0.0958904109589041,0.02105960107938759,1558.393866631202,0.925
374,SPX,1555.25,SPXW130524P01390000,,put,2013-05-24,2013-04-19,1390.0,2.5,2.3,2.7,67,0,0.2313,-0.0523,0.001,-62.4861,51.0123,0.8937469860151102,0.0958904109589041,0.014035149621771721,1557.344520976297,2.5
375,SPX,1555.25,SPXW130524C01400000,,call,2013-05-24,2013-04-19,1400.0,151.75,153.0,155.0,30,0,0.1191,0.9982,0.0001,-5.6492,2.8031,0.9001768204468735,0.0958904109589041,0.015897024860323943,1557.6225878310481,154.0
376,SPX,1555.25,SPXW130524P01400000,,put,2013-05-24,2013-04-19,1400.0,3.2,2.6,3.0,90,0,0.225,-0.0591,0.0011,-66.908,56.1631,0.9001768204468735,0.0958904109589041,0.013195956693839744,1557.2192056409478,2.8
377,SPX,1555.25,SPXW130524P01410000,,put,2013-05-24,2013-04-19,1410.0,3.63,3.0,3.4,135,2,0.2196,-0.0677,0.0012,-72.5393,62.401,0.9066066548786369,0.0958904109589041,0.01227983899883998,1557.0824147660073,3.2
378,SPX,1555.25,SPXW130524P01420000,,put,2013-05-24,2013-04-19,1420.0,4.0,3.4,3.9,27,4,0.2139,-0.0773,0.0014,-78.1981,69.0784,0.9130364893104003,0.0958904109589041,0.011604881119874934,1556.9816405572194,3.65
379,SPX,1555.25,SPXW130524P01425000,,put,2013-05-24,2013-04-19,1425.0,4.2,3.7,4.1,350,2,0.2111,-0.0827,0.0015,-81.2,72.6913,0.9162514065262819,0.0958904109589041,0.011215982539496225,1556.9235792336929,3.9
380,SPX,1555.25,SPXW130524P01430000,,put,2013-05-24,2013-04-19,1430.0,4.5,3.9,4.4,31,5,0.208,-0.0882,0.0016,-83.9463,76.2806,0.9194663237421636,0.0958904109589041,0.010853145680198316,1556.8694107947736,4.15
381,SPX,1555.25,SPXW130524P01440000,,put,2013-05-24,2013-04-19,1440.0,5.07,4.5,5.0,862,1,0.2024,-0.1011,0.0018,-90.3065,84.3561,0.925896158173927,0.0958904109589041,0.010150767605861723,1556.7645571125256,4.75
382,SPX,1555.25,SPXW130524P01450000,,put,2013-05-24,2013-04-19,1450.0,5.42,5.2,5.7,16,1,0.1967,-0.1158,0.0021,-96.7931,93.0673,0.9323259926056904,0.0958904109589041,0.009763281215793389,1556.7067146864647,5.45
383,SPX,1555.25,SPXW130524P01460000,,put,2013-05-24,2013-04-19,1460.0,9.0,6.0,6.5,6,0,0.1909,-0.1328,0.0024,-103.329,102.4103,0.9387558270374537,0.0958904109589041,0.008991119814103159,1556.5914559142225,6.25
384,SPX,1555.25,SPXW130524P01470000,,put,2013-05-24,2013-04-19,1470.0,10.3,6.8,7.4,41,0,0.1844,-0.1516,0.0027,-109.1001,111.993,0.9451856614692171,0.0958904109589041,0.008211155157225685,1556.4750410314355,7.1
385,SPX,1555.25,SPXW130524P01475000,,put,2013-05-24,2013-04-19,1475.0,7.62,7.4,8.0,16,1001,0.1821,-0.1633,0.0028,-113.0965,117.5899,0.9484005786850989,0.0958904109589041,0.007810812653705951,1556.415290646785,7.7
386,SPX,1555.25,SPXW130524P01480000,,put,2013-05-24,2013-04-19,1480.0,11.8,8.0,8.6,42,0,0.1795,-0.1754,0.003,-116.6992,123.1256,0.9516154959009806,0.0958904109589041,0.007542639577887037,1556.375267589742,8.3
387,SPX,1555.25,SPXW130524P01490000,,put,2013-05-24,2013-04-19,1490.0,13.5,9.3,9.9,3,6,0.1738,-0.2017,0.0034,-123.0956,134.2141,0.958045330332744,0.0958904109589041,0.0068931011155383155,1556.278332537494,9.600000000000001
388,SPX,1555.25,SPXW130524P01500000,,put,2013-05-24,2013-04-19,1500.0,13.9,10.9,11.5,10,6,0.1686,-0.2326,0.0038,-129.5762,145.7384,0.9644751647645073,0.0958904109589041,0.006202000785832846,1556.1752015536601,11.2
389,SPX,1555.25,SPXW130524P01510000,,put,2013-05-24,2013-04-19,1510.0,17.9,12.8,13.4,3,0,0.1636,-0.268,0.0042,-135.4594,157.1398,0.9709049991962707,0.0958904109589041,0.005658698329681033,1556.0941308344495,13.100000000000001
390,SPX,1555.25,SPXW130524C01520000,,call,2013-05-24,2013-04-19,1520.0,46.3,46.2,47.1,2,0,0.1322,0.7231,0.0053,-115.2078,159.6916,0.9773348336280341,0.0958904109589041,0.0049438279264507855,1555.9874654565501,46.650000000000006
391,SPX,1555.25,SPXW130524P01520000,,put,2013-05-24,2013-04-19,1520.0,20.6,15.0,15.6,3,0,0.1584,-0.308,0.0047,-139.9134,167.8003,0.9773348336280341,0.0958904109589041,0.0049138389323088345,1555.9829909767795,15.3
392,SPX,1555.25,SPXW130524C01525000,,call,2013-05-24,2013-04-19,1525.0,40.5,42.4,43.3,17,0,0.1303,0.6978,0.0056,-118.1423,166.3997,0.9805497508439158,0.0958904109589041,0.004674110697630121,1555.9472230126958,42.849999999999994
393,SPX,1555.25,SPXW130524P01525000,,put,2013-05-24,2013-04-19,1525.0,22.5,16.2,16.9,202,10,0.1559,-0.3299,0.0049,-141.6653,172.7236,0.9805497508439158,0.0958904109589041,0.004625118365076494,1555.9399133533382,16.549999999999997
394,SPX,1555.25,SPXW130524C01530000,,call,2013-05-24,2013-04-19,1530.0,37.0,38.8,39.7,72,0,0.1288,0.6703,0.0059,-121.0072,172.6808,0.9837646680597975,0.0958904109589041,0.004325574828372432,1555.895222184061,39.25
395,SPX,1555.25,SPXW130524P01530000,,put,2013-05-24,2013-04-19,1530.0,20.45,17.6,18.2,4,0,0.1533,-0.353,0.0051,-142.8433,177.2254,0.9837646680597975,0.0958904109589041,0.004300630964860594,1555.8915006780126,17.9
396,SPX,1555.25,SPXW130524C01540000,,call,2013-05-24,2013-04-19,1540.0,32.52,31.8,32.7,75,14,0.1253,0.6112,0.0064,-124.3337,182.8529,0.9901945024915608,0.0958904109589041,0.00367634342659018,1555.7983628394559,32.25
397,SPX,1555.25,SPXW130524P01540000,,put,2013-05-24,2013-04-19,1540.0,20.44,20.6,21.3,78,10,0.1483,-0.4032,0.0055,-143.7692,184.6605,0.9901945024915608,0.0958904109589041,0.003609340968716228,1555.7883670332126,20.950000000000003
398,SPX,1555.25,SPXW130524C01550000,,call,2013-05-24,2013-04-19,1550.0,24.2,25.5,26.2,8,256,0.1207,0.5465,0.0069,-123.5436,188.9968,0.9966243369233242,0.0958904109589041,0.0029882985810121936,1555.6957194678655,25.85
399,SPX,1555.25,SPXW130524P01550000,,put,2013-05-24,2013-04-19,1550.0,26.8,24.2,24.8,5,0,0.1434,-0.4583,0.0058,-142.2105,189.2503,0.9966243369233242,0.0958904109589041,0.0029485088440186734,1555.689783793372,24.5
400,SPX,1555.25,SPXW130524C01560000,,call,2013-05-24,2013-04-19,1560.0,19.3,19.7,20.4,88,288,0.1163,0.4759,0.0072,-119.4219,189.9464,1.0030541713550876,0.0958904109589041,0.0023372912980749744,1555.5986076400602,20.049999999999997
401,SPX,1555.25,SPXW130524P01560000,,put,2013-05-24,2013-04-19,1560.0,29.1,28.3,29.2,15,10,0.1392,-0.5175,0.006,-138.3531,190.1087,1.0030541713550876,0.0958904109589041,0.0023886948966293925,1555.6062753790177,28.75
402,SPX,1555.25,SPXW130524C01570000,,call,2013-05-24,2013-04-19,1570.0,15.1,14.6,15.3,46,0,0.1125,0.4018,0.0072,-112.019,184.4949,1.009484005786851,0.0958904109589041,0.0017611903753767966,1555.512674773213,14.95
403,SPX,1555.25,SPXW130524C01575000,,call,2013-05-24,2013-04-19,1575.0,12.25,12.4,13.1,230,0,0.1098,0.3631,0.0072,-105.9912,178.9784,1.0126989230027328,0.0958904109589041,0.0014011079649051744,1555.4589662583423,12.75
404,SPX,1555.25,SPXW130524C01580000,,call,2013-05-24,2013-04-19,1580.0,10.6,10.4,11.1,151,6,0.1078,0.3252,0.007,-99.7752,171.7267,1.0159138402186143,0.0958904109589041,0.0010704546359050337,1555.4096489059782,10.75
405,SPX,1555.25,SPXW130524C01590000,,call,2013-05-24,2013-04-19,1590.0,7.3,7.1,7.6,385,16,0.104,0.2519,0.0064,-85.1889,152.1715,1.0223436746503778,0.0958904109589041,0.0005160138991559251,1555.326956894567,7.35
406,SPX,1555.25,SPXW130524C01600000,,call,2013-05-24,2013-04-19,1600.0,4.8,4.6,5.0,3,0,0.101,0.1862,0.0056,-69.4288,127.8502,1.028773509082141,0.0958904109589041,-0.00020231295611311886,1555.2198286409493,4.8
407,SPX,1555.25,SPXW130524P01600000,,put,2013-05-24,2013-04-19,1600.0,60.01,52.3,54.1,1,0,0.1297,-0.7539,0.0051,-100.2378,150.325,1.028773509082141,0.0958904109589041,-0.00024831715193836083,1555.2129680196044,53.2
408,SPX,1555.25,SPXW130524C01610000,,call,2013-05-24,2013-04-19,1610.0,3.05,2.8,3.2,8,46,0.0984,0.1308,0.0045,-53.5549,101.3273,1.0352033435139045,0.0958904109589041,-0.0007645977923779797,1555.1359769879953,3.0
409,SPX,1555.25,SPXW130524C01620000,,call,2013-05-24,2013-04-19,1620.0,1.73,1.65,2.0,24,9,0.0963,0.0873,0.0035,-39.1381,75.7327,1.041633177945668,0.0958904109589041,-0.0014403813966623108,1555.0352056260983,1.825
410,SPX,1555.25,SPXW130524P01620000,,put,2013-05-24,2013-04-19,1620.0,72.42,69.3,71.2,3,0,0.1367,-0.8279,0.0039,-84.648,121.6767,1.041633177945668,0.0958904109589041,-0.0015302642596246308,1555.0218029836644,70.25
411,SPX,1555.25,SPXW130524C01625000,,call,2013-05-24,2013-04-19,1625.0,1.39,1.25,1.6,360,2001,0.096,0.0713,0.003,-33.4366,64.9298,1.0448480951615495,0.0958904109589041,-0.0016287346562020456,1555.0071199667477,1.425
412,SPX,1555.25,SPXW130524C01630000,,call,2013-05-24,2013-04-19,1630.0,1.2,0.95,1.3,25,6,0.0961,0.0583,0.0025,-28.6296,55.5598,1.0480630123774313,0.0958904109589041,-0.0020468911841033163,1554.9447697832688,1.125
413,SPX,1555.25,SPXW130524C01640000,,call,2013-05-24,2013-04-19,1640.0,0.82,0.55,0.9,2,0,0.097,0.0392,0.0018,-21.0209,40.4451,1.0544928468091948,0.0958904109589041,-0.0026907715672435007,1554.8487674176863,0.7250000000000001
414,SPX,1555.25,SPXW130524C01650000,,call,2013-05-24,2013-04-19,1650.0,0.49,0.3,0.65,10,0,0.0984,0.0264,0.0013,-15.3951,29.2178,1.060922681240958,0.0958904109589041,-0.0034770027847008077,1554.731548624429,0.475
415,SPX,1555.25,SPXW130524C01700000,,call,2013-05-24,2013-04-19,1700.0,0.16,0.0,0.25,65,0,0.1025,0.0025,0.0002,-2.0288,3.7041,1.093071853399775,0.0958904109589041,-0.006340148067738713,1554.3047585006527,0.125
416,SPX,1555.25,SPX130622P00500000,,put,2013-06-22,2013-04-19,500.0,0.05,0.0,0.05,2350,33799,0.2592,0.0,0.0,0.0,0.0,0.3214917215881691,0.17534246575342466,inf,inf,0.025
417,SPX,1555.25,SPX130622P00700000,,put,2013-06-22,2013-04-19,700.0,0.05,0.0,0.1,1000,3074,0.2592,0.0,0.0,0.0,0.0,0.45008841022343676,0.17534246575342466,inf,inf,0.05
418,SPX,1555.25,SPX130622P00950000,,put,2013-06-22,2013-04-19,950.0,0.1,0.05,0.15,2,14087,0.2592,0.0,0.0,-0.0044,0.0059,0.6108342710175213,0.17534246575342466,inf,inf,0.1
419,SPX,1555.25,SPX130622P00975000,,put,2013-06-22,2013-04-19,975.0,0.15,0.05,0.15,3,13647,0.2592,0.0,0.0,-0.013,0.0174,0.6269088570969298,0.17534246575342466,inf,inf,0.1
420,SPX,1555.25,SPX130622P01000000,,put,2013-06-22,2013-04-19,1000.0,0.1,0.05,0.1,92,51346,0.2592,0.0,0.0,-0.0352,0.0473,0.6429834431763382,0.17534246575342466,inf,inf,0.07500000000000001
421,SPX,1555.25,SPX130622P01025000,,put,2013-06-22,2013-04-19,1025.0,0.2,0.05,0.25,1,9598,0.2592,0.0,0.0,-0.0887,0.119,0.6590580292557466,0.17534246575342466,inf,inf,0.15
422,SPX,1555.25,SPX130622P01050000,,put,2013-06-22,2013-04-19,1050.0,0.3,0.05,0.25,2,21146,0.2592,-0.0001,0.0,-0.2074,0.2784,0.6751326153351551,0.17534246575342466,0.028032446589611848,1562.9133047947487,0.15
423,SPX,1555.25,SPX130622P01100000,,put,2013-06-22,2013-04-19,1100.0,0.55,0.1,0.4,88,45199,0.2592,-0.0005,0.0,-0.9294,1.2476,0.7072817874939721,0.17534246575342466,0.02810626849391787,1562.933535454809,0.25
424,SPX,1555.25,SPX130622P01110000,,put,2013-06-22,2013-04-19,1110.0,0.55,0.15,0.4,7,1208,0.2592,-0.0007,0.0,-1.2177,1.6346,0.7137116219257355,0.17534246575342466,0.020371458757906122,1560.815258292798,0.275
425,SPX,1555.25,SPX130622P01185000,,put,2013-06-22,2013-04-19,1185.0,1.0,0.55,1.15,22,0,0.2592,-0.005,0.0001,-6.9594,9.3475,0.7619353801639608,0.17534246575342466,0.010206144498374758,1558.0357214648088,0.85
426,SPX,1555.25,SPX130622P01200000,,put,2013-06-22,2013-04-19,1200.0,0.95,0.7,1.15,204,40471,0.2592,-0.0069,0.0001,-9.3312,12.5348,0.7715801318116059,0.17534246575342466,0.011748779410490406,1558.4572106283022,0.9249999999999999
427,SPX,1555.25,SPX130622P01210000,,put,2013-06-22,2013-04-19,1210.0,1.4,0.8,1.35,1,106,0.2592,-0.0086,0.0001,-11.2393,15.0993,0.7780099662433693,0.17534246575342466,0.009543351876691357,1557.8546637854668,1.0750000000000002
428,SPX,1555.25,SPX130622P01220000,,put,2013-06-22,2013-04-19,1220.0,1.2,0.6,1.4,17,19862,0.2592,-0.0105,0.0002,-13.4382,18.0549,0.7844398006751326,0.17534246575342466,0.010416935163437342,1558.0933083939528,1.0
429,SPX,1555.25,SPX130622P01250000,,put,2013-06-22,2013-04-19,1250.0,1.54,1.25,1.8,349,46727,0.2592,-0.0187,0.0003,-22.0115,29.5825,0.8037293039704227,0.17534246575342466,0.008686936051186832,1557.6207444483869,1.525
430,SPX,1555.25,SPX130622P01255000,,put,2013-06-22,2013-04-19,1255.0,2.02,1.3,1.9,12,2,0.2592,-0.0204,0.0003,-23.7554,31.928,0.8069442211863045,0.17534246575342466,0.009285137597586042,1557.7841320659722,1.6
431,SPX,1555.25,SPX130622P01260000,,put,2013-06-22,2013-04-19,1260.0,2.05,1.4,1.95,12,519,0.2592,-0.0223,0.0003,-25.5949,34.4021,0.8101591384021861,0.17534246575342466,0.008966217034943304,1557.6970227178056,1.6749999999999998
432,SPX,1555.25,SPX130622P01285000,,put,2013-06-22,2013-04-19,1285.0,2.29,1.8,2.45,1,9,0.2545,-0.0316,0.0004,-33.5881,45.9939,0.8262337244815946,0.17534246575342466,0.008133143691735845,1557.4695016494009,2.125
433,SPX,1555.25,SPX130622P01290000,,put,2013-06-22,2013-04-19,1290.0,3.03,1.95,2.55,1,147,0.2529,-0.0335,0.0005,-35.0003,48.2344,0.8294486416974763,0.17534246575342466,0.007820603700221099,1557.3841522721455,2.25
434,SPX,1555.25,SPX130622P01300000,,put,2013-06-22,2013-04-19,1300.0,2.35,2.1,2.5,1079,80966,0.2454,-0.0352,0.0005,-35.3907,50.2713,0.8358784761292397,0.17534246575342466,0.00782652135704796,1557.3857682405383,2.3
435,SPX,1555.25,SPX130622P01305000,,put,2013-06-22,2013-04-19,1305.0,2.85,2.25,2.95,2,13,0.2465,-0.0388,0.0005,-38.524,54.4814,0.8390933933451213,0.17534246575342466,0.007980206882615356,1557.4277366131857,2.6
436,SPX,1555.25,SPX130622P01320000,,put,2013-06-22,2013-04-19,1320.0,3.55,2.65,3.4,9,3069,0.2404,-0.0453,0.0006,-42.534,61.6943,0.8487381449927665,0.17534246575342466,0.00728854407446047,1557.2388665597873,3.025
437,SPX,1555.25,SPX130622C01325000,,call,2013-06-22,2013-04-19,1325.0,220.25,224.3,230.3,1,9855,0.1269,0.9989,0.0,-4.5269,2.3459,0.8519530622086481,0.17534246575342466,0.006062431765769136,1556.9041124536714,227.3
438,SPX,1555.25,SPX130622P01325000,,put,2013-06-22,2013-04-19,1325.0,3.19,2.75,3.5,949,33453,0.2375,-0.0471,0.0006,-43.3651,63.6739,0.8519530622086481,0.17534246575342466,0.007277496295524242,1557.2358499655365,3.125
439,SPX,1555.25,SPX130622P01330000,,put,2013-06-22,2013-04-19,1330.0,3.7,2.9,3.7,1,106,0.2357,-0.0497,0.0007,-44.9561,66.5202,0.8551679794245298,0.17534246575342466,0.007423751190271784,1557.275785314261,3.3
440,SPX,1555.25,SPX130622P01335000,,put,2013-06-22,2013-04-19,1335.0,4.48,3.0,3.9,6,902,0.2333,-0.0521,0.0007,-46.1752,69.0337,0.8583828966404116,0.17534246575342466,0.007158661530847436,1557.2034025217533,3.45
441,SPX,1555.25,SPX130622P01350000,,put,2013-06-22,2013-04-19,1350.0,3.8,3.6,4.0,874,88302,0.2245,-0.0588,0.0008,-48.8431,75.9097,0.8680276482880566,0.17534246575342466,0.006636383918794907,1557.0608043433751,3.8
442,SPX,1555.25,SPX130622P01360000,,put,2013-06-22,2013-04-19,1360.0,4.95,3.9,4.9,2,1765,0.2224,-0.0669,0.0009,-53.5052,83.9584,0.8744574827198199,0.17534246575342466,0.006482791676067686,1557.0188713258287,4.4
443,SPX,1555.25,SPX130622P01365000,,put,2013-06-22,2013-04-19,1365.0,4.6,4.2,5.1,26,35,0.2206,-0.0706,0.0009,-55.3567,87.5827,0.8776723999357017,0.17534246575342466,0.006642597454509555,1557.0625007568653,4.65
444,SPX,1555.25,SPX130622P01370000,,put,2013-06-22,2013-04-19,1370.0,5.15,4.4,5.4,1,13650,0.2186,-0.0744,0.001,-57.0934,91.1682,0.8808873171515833,0.17534246575342466,0.0065223938492689655,1557.0296832131899,4.9
445,SPX,1555.25,SPX130622P01375000,,put,2013-06-22,2013-04-19,1375.0,5.1,4.6,5.6,646,39454,0.2159,-0.0778,0.001,-58.3171,94.2996,0.884102234367465,0.17534246575342466,0.006327143511024952,1556.9763781622994,5.1
446,SPX,1555.25,SPX130622P01380000,,put,2013-06-22,2013-04-19,1380.0,6.0,4.6,5.7,40,3295,0.2115,-0.0798,0.0011,-58.2207,96.1174,0.8873171515833467,0.17534246575342466,0.0061738205388940336,1556.9345209284172,5.15
447,SPX,1555.25,SPX130622P01385000,,put,2013-06-22,2013-04-19,1385.0,6.4,5.2,6.2,25,7455,0.2122,-0.0867,0.0011,-62.1824,102.3308,0.8905320687992284,0.17534246575342466,0.006169055734053137,1556.933220152782,5.7
448,SPX,1555.25,SPX130622P01390000,,put,2013-06-22,2013-04-19,1390.0,6.5,5.5,6.5,69,4917,0.2101,-0.0913,0.0012,-63.9628,106.3284,0.8937469860151102,0.17534246575342466,0.006003355419261884,1556.8879852023038,6.0
449,SPX,1555.25,SPX130622P01395000,,put,2013-06-22,2013-04-19,1395.0,6.8,5.5,6.8,12,2584,0.2064,-0.0945,0.0013,-64.4613,109.0967,0.8969619032309918,0.17534246575342466,0.005987251491412281,1556.883589020143,6.15
450,SPX,1555.25,SPX130622C01400000,,call,2013-06-22,2013-04-19,1400.0,150.0,153.1,159.0,7,41914,0.1269,0.9786,0.0006,-15.9502,33.2614,0.9001768204468735,0.17534246575342466,0.006064906855398582,1556.904788132016,156.05
451,SPX,1555.25,SPX130622P01400000,,put,2013-06-22,2013-04-19,1400.0,6.7,6.1,7.2,3749,101893,0.2059,-0.1012,0.0013,-67.6009,114.7043,0.9001768204468735,0.17534246575342466,0.005848373175339965,1556.8456773947444,6.65
452,SPX,1555.25,SPX130622P01405000,,put,2013-06-22,2013-04-19,1405.0,7.8,6.1,7.6,15,24,0.2024,-0.1051,0.0014,-68.2879,117.8955,0.9033917376627552,0.17534246575342466,0.005737737427366909,1556.8154762128788,6.85
453,SPX,1555.25,SPX130622P01410000,,put,2013-06-22,2013-04-19,1410.0,8.0,6.8,7.9,13,22248,0.2015,-0.112,0.0015,-71.159,123.4205,0.9066066548786369,0.17534246575342466,0.005654931339630829,1556.792872313606,7.35
454,SPX,1555.25,SPX130622P01420000,,put,2013-06-22,2013-04-19,1420.0,8.85,7.3,8.8,19,2160,0.1963,-0.1231,0.0016,-74.0975,131.973,0.9130364893104003,0.17534246575342466,0.005486432577069333,1556.7468775655511,8.05
455,SPX,1555.25,SPX130622C01425000,,call,2013-06-22,2013-04-19,1425.0,124.3,130.0,135.8,2,25182,0.1269,0.9545,0.0012,-26.4051,61.9534,0.9162514065262819,0.17534246575342466,0.0053305153812951145,1556.7043183914473,132.9
456,SPX,1555.25,SPX130622P01425000,,put,2013-06-22,2013-04-19,1425.0,9.2,7.7,9.3,202,67560,0.1943,-0.1299,0.0017,-76.089,136.9424,0.9162514065262819,0.17534246575342466,0.005181275287584129,1556.663582889655,8.5
457,SPX,1555.25,SPX130622P01430000,,put,2013-06-22,2013-04-19,1430.0,9.96,8.1,9.7,23,2163,0.1918,-0.1363,0.0018,-77.658,141.619,0.9194663237421636,0.17534246575342466,0.005276549481087026,1556.6895881247192,8.899999999999999
458,SPX,1555.25,SPX130622P01435000,,put,2013-06-22,2013-04-19,1435.0,10.1,8.7,10.3,108,3830,0.1905,-0.1446,0.0018,-80.2585,147.3906,0.9226812409580454,0.17534246575342466,0.005094114354045297,1556.639792561669,9.5
459,SPX,1555.25,SPX130622P01440000,,put,2013-06-22,2013-04-19,1440.0,12.33,9.6,10.8,464,5402,0.1896,-0.1538,0.0019,-83.2022,153.5541,0.925896158173927,0.17534246575342466,0.004890410715528662,1556.5841936528743,10.2
460,SPX,1555.25,SPX130622P01445000,,put,2013-06-22,2013-04-19,1445.0,11.46,10.1,11.4,5,6616,0.1874,-0.1618,0.002,-85.015,158.7808,0.9291110753898087,0.17534246575342466,0.004862027124678401,1556.576446787965,10.75
461,SPX,1555.25,SPX130622C01450000,,call,2013-06-22,2013-04-19,1450.0,110.7,107.8,113.4,3,32224,0.1352,0.8999,0.002,-47.9059,113.7843,0.9323259926056904,0.17534246575342466,0.004822670697158086,1556.5657051197163,110.6
462,SPX,1555.25,SPX130622P01450000,,put,2013-06-22,2013-04-19,1450.0,11.4,10.7,12.0,3291,93302,0.1853,-0.1704,0.0021,-86.8957,164.1747,0.9323259926056904,0.17534246575342466,0.004735551692374187,1556.5419277311132,11.35
463,SPX,1555.25,SPX130622P01455000,,put,2013-06-22,2013-04-19,1455.0,14.75,11.3,12.6,27,11331,0.1831,-0.1793,0.0022,-88.6647,169.5762,0.9355409098215721,0.17534246575342466,0.004660768259363006,1556.5215173796303,11.95
464,SPX,1555.25,SPX130622C01460000,,call,2013-06-22,2013-04-19,1460.0,100.45,99.3,104.9,2,20,0.1383,0.8716,0.0023,-57.6145,135.8431,0.9387558270374537,0.17534246575342466,0.004529882881333987,1556.4857959866222,102.1
465,SPX,1555.25,SPX130622P01460000,,put,2013-06-22,2013-04-19,1460.0,13.0,11.9,13.3,10,21336,0.1809,-0.1887,0.0023,-90.4007,175.0499,0.9387558270374537,0.17534246575342466,0.004535842061284202,1556.4874223552874,12.600000000000001
466,SPX,1555.25,SPX130622P01465000,,put,2013-06-22,2013-04-19,1465.0,14.61,12.6,14.0,7,10465,0.1788,-0.1987,0.0024,-92.1809,180.6486,0.9419707442533355,0.17534246575342466,0.004432081406090312,1556.459104426854,13.3
467,SPX,1555.25,SPX130622P01470000,,put,2013-06-22,2013-04-19,1470.0,17.2,13.4,14.8,55,10258,0.177,-0.2095,0.0025,-94.1651,186.4723,0.9451856614692171,0.17534246575342466,0.004434202550340008,1556.4596833156024,14.100000000000001
468,SPX,1555.25,SPX130622P01475000,,put,2013-06-22,2013-04-19,1475.0,15.5,14.2,15.6,1312,53225,0.175,-0.2207,0.0026,-95.9158,192.175,0.9484005786850989,0.17534246575342466,0.004274417059712024,1556.4160763123818,14.899999999999999
469,SPX,1555.25,SPX130622P01480000,,put,2013-06-22,2013-04-19,1480.0,16.4,15.0,16.5,30,10326,0.173,-0.2324,0.0027,-97.5928,197.8668,0.9516154959009806,0.17534246575342466,0.004188410484392665,1556.3926047933217,15.75
470,SPX,1555.25,SPX130622P01485000,,put,2013-06-22,2013-04-19,1485.0,18.6,15.9,17.4,1040,5143,0.171,-0.2447,0.0028,-99.1842,203.5233,0.9548304131168622,0.17534246575342466,0.004062748763683097,1556.358311871782,16.65
471,SPX,1555.25,SPX130622P01490000,,put,2013-06-22,2013-04-19,1490.0,18.3,16.8,18.4,14,6563,0.1689,-0.2575,0.0029,-100.5948,209.0706,0.958045330332744,0.17534246575342466,0.003911742111809224,1556.3171033507697,17.6
472,SPX,1555.25,SPX130622P01495000,,put,2013-06-22,2013-04-19,1495.0,19.9,17.8,19.5,5,2294,0.1671,-0.2711,0.0031,-102.1403,214.6611,0.9612602475486256,0.17534246575342466,0.003927698040639119,1556.3214575460004,18.65
473,SPX,1555.25,SPX130622C01500000,,call,2013-06-22,2013-04-19,1500.0,68.0,67.1,71.6,7606,81858,0.1352,0.7514,0.0036,-83.0111,205.2456,0.9644751647645073,0.17534246575342466,0.0037714408976235944,1556.2788172368494,69.35
474,SPX,1555.25,SPX130622P01500000,,put,2013-06-22,2013-04-19,1500.0,19.7,18.9,20.5,7239,113231,0.165,-0.2851,0.0032,-103.3139,219.9946,0.9644751647645073,0.17534246575342466,0.0038176442873561704,1556.29142535047,19.7
475,SPX,1555.25,SPX130622P01505000,,put,2013-06-22,2013-04-19,1505.0,22.38,20.0,21.7,6,1344,0.1631,-0.3,0.0033,-104.5083,225.2416,0.967690081980389,0.17534246575342466,0.003644528375987891,1556.2441855092516,20.85
476,SPX,1555.25,SPX130622P01510000,,put,2013-06-22,2013-04-19,1510.0,26.2,21.2,22.9,4,7364,0.1611,-0.3154,0.0034,-105.4652,230.2495,0.9709049991962707,0.17534246575342466,0.0035291466439277275,1556.212700957667,22.049999999999997
477,SPX,1555.25,SPX130622C01515000,,call,2013-06-22,2013-04-19,1515.0,51.9,56.9,59.1,19,1114,0.1318,0.6963,0.0041,-88.8628,226.4914,0.9741199164121523,0.17534246575342466,0.0034906557859718888,1556.2021979860704,58.0
478,SPX,1555.25,SPX130622P01515000,,put,2013-06-22,2013-04-19,1515.0,24.0,22.5,24.2,7,1005,0.1592,-0.3315,0.0035,-106.3278,235.0371,0.9741199164121523,0.17534246575342466,0.00346364508828333,1556.1948276395372,23.35
479,SPX,1555.25,SPX130622C01520000,,call,2013-06-22,2013-04-19,1520.0,54.35,53.3,55.5,40,1899,0.1306,0.6763,0.0042,-90.3681,232.7748,0.9773348336280341,0.17534246575342466,0.0033729023161386124,1556.1700671250408,54.4
480,SPX,1555.25,SPX130622P01520000,,put,2013-06-22,2013-04-19,1520.0,25.0,23.9,25.6,26,3179,0.1574,-0.3483,0.0036,-107.0768,239.5452,0.9773348336280341,0.17534246575342466,0.003427930476487021,1556.1850823297073,24.75
481,SPX,1555.25,SPX130622C01525000,,call,2013-06-22,2013-04-19,1525.0,51.0,49.8,52.0,3,30880,0.1299,0.655,0.0044,-92.0271,238.6815,0.9805497508439158,0.17534246575342466,0.0032744389293506548,1556.1432003717212,50.9
482,SPX,1555.25,SPX130622P01525000,,put,2013-06-22,2013-04-19,1525.0,26.5,25.2,27.1,2123,53281,0.1553,-0.3656,0.0037,-107.3868,243.6526,0.9805497508439158,0.17534246575342466,0.003327454652843823,1556.1576662024863,26.15
483,SPX,1555.25,SPX130622C01530000,,call,2013-06-22,2013-04-19,1530.0,46.0,46.4,48.5,1363,323,0.1289,0.6333,0.0045,-93.1866,243.8821,0.9837646680597975,0.17534246575342466,0.003188850113224926,1556.119846954981,47.45
484,SPX,1555.25,SPX130622P01530000,,put,2013-06-22,2013-04-19,1530.0,33.5,26.8,28.6,2,10240,0.1535,-0.3838,0.0038,-107.7028,247.4113,0.9837646680597975,0.17534246575342466,0.0031960230887477237,1556.1218041304933,27.700000000000003
485,SPX,1555.25,SPX130622C01535000,,call,2013-06-22,2013-04-19,1535.0,42.0,43.1,45.1,421,16822,0.1273,0.6113,0.0046,-93.6064,248.3248,0.9869795852756792,0.17534246575342466,0.0030983680215571976,1556.0951587600503,44.1
486,SPX,1555.25,SPX130622P01535000,,put,2013-06-22,2013-04-19,1535.0,30.75,28.2,30.3,429,17222,0.1513,-0.4024,0.0039,-107.4754,250.681,0.9869795852756792,0.17534246575342466,0.003106696927100248,1556.09743129994,29.25
487,SPX,1555.25,SPX130622C01540000,,call,2013-06-22,2013-04-19,1540.0,40.4,39.9,41.8,9973,25986,0.1257,0.5885,0.0048,-93.7297,252.0732,0.9901945024915608,0.17534246575342466,0.003050037743402314,1556.0819719206954,40.849999999999994
488,SPX,1555.25,SPX130622P01540000,,put,2013-06-22,2013-04-19,1540.0,31.1,30.1,31.9,10175,25974,0.1496,-0.4219,0.004,-107.3671,253.4848,0.9901945024915608,0.17534246575342466,0.0030053477880495442,1556.069778437055,31.0
489,SPX,1555.25,SPX130622C01545000,,call,2013-06-22,2013-04-19,1545.0,38.0,36.7,38.7,11662,45002,0.124,0.5648,0.0049,-93.46,255.0346,0.9934094197074426,0.17534246575342466,0.002913949081943622,1556.0448409466915,37.7
490,SPX,1555.25,SPX130622P01545000,,put,2013-06-22,2013-04-19,1545.0,37.0,32.0,33.9,11579,42898,0.1484,-0.4421,0.0041,-107.3558,255.7247,0.9934094197074426,0.17534246575342466,0.00289433497716929,1556.0394894290478,32.95
491,SPX,1555.25,SPX130622C01550000,,call,2013-06-22,2013-04-19,1550.0,35.0,33.7,35.6,25084,127250,0.1224,0.5403,0.005,-92.9263,257.1306,0.9966243369233242,0.17534246575342466,0.00280304309273413,1556.014581568831,34.650000000000006
492,SPX,1555.25,SPX130622P01550000,,put,2013-06-22,2013-04-19,1550.0,35.0,34.5,35.6,27613,109182,0.1472,-0.4627,0.0042,-107.0541,257.3211,0.9966243369233242,0.17534246575342466,0.0027969412509502543,1556.0129167710732,35.05
493,SPX,1555.25,SPX130622C01555000,,call,2013-06-22,2013-04-19,1555.0,32.3,30.9,32.7,110,34832,0.1211,0.5151,0.0051,-92.2586,258.266,0.9998392541392059,0.17534246575342466,0.0026994856590926907,1555.9863276880512,31.8
494,SPX,1555.25,SPX130622P01555000,,put,2013-06-22,2013-04-19,1555.0,40.4,36.0,37.9,5,34548,0.1449,-0.4837,0.0042,-105.6351,258.2369,0.9998392541392059,0.17534246575342466,0.0027275721406354245,1555.9939905551432,36.95
495,SPX,1555.25,SPX130622C01560000,,call,2013-06-22,2013-04-19,1560.0,29.0,28.0,29.8,10,25906,0.1193,0.4893,0.0052,-90.8475,258.3591,1.0030541713550876,0.17534246575342466,0.002633255448961317,1555.9682581729926,28.9
496,SPX,1555.25,SPX130622C01565000,,call,2013-06-22,2013-04-19,1565.0,25.26,25.4,27.1,1,17247,0.1179,0.463,0.0052,-89.3526,257.3393,1.0062690885709693,0.17534246575342466,0.0025407277859285007,1555.9430143042714,26.25
497,SPX,1555.25,SPX130622P01565000,,put,2013-06-22,2013-04-19,1565.0,42.5,40.0,42.4,1,15900,0.141,-0.5274,0.0044,-102.3714,257.8404,1.0062690885709693,0.17534246575342466,0.0025562519242750496,1555.947249650242,41.2
498,SPX,1555.25,SPX130622C01570000,,call,2013-06-22,2013-04-19,1570.0,23.0,22.8,24.5,136,17975,0.1164,0.4362,0.0052,-87.3956,255.1442,1.009484005786851,0.17534246575342466,0.002412965229541272,1555.9081581455098,23.65
499,SPX,1555.25,SPX130622P01570000,,put,2013-06-22,2013-04-19,1570.0,51.0,42.8,44.9,5,18092,0.1403,-0.5494,0.0044,-101.1957,256.4709,1.009484005786851,0.17534246575342466,0.0023961369754858363,1555.9035671223178,43.849999999999994
500,SPX,1555.25,SPX130622C01575000,,call,2013-06-22,2013-04-19,1575.0,21.0,19.7,22.1,3322,82728,0.1139,0.4082,0.0053,-84.2754,251.5835,1.0126989230027328,0.17534246575342466,0.002326974477980537,1555.8846986030267,20.9
501,SPX,1555.25,SPX130622P01575000,,put,2013-06-22,2013-04-19,1575.0,48.87,44.0,48.8,7,33340,0.1389,-0.5718,0.0044,-99.1724,254.2599,1.0126989230027328,0.17534246575342466,0.0022951210152411736,1555.8760085994113,46.4
502,SPX,1555.25,SPX130622C01580000,,call,2013-06-22,2013-04-19,1580.0,17.65,18.2,19.8,16,22465,0.1136,0.3822,0.0052,-82.4809,247.0929,1.0159138402186143,0.17534246575342466,0.00228362033624101,1555.872871089275,19.0
503,SPX,1555.25,SPX130622C01585000,,call,2013-06-22,2013-04-19,1585.0,16.8,16.1,17.7,27,12273,0.1117,0.3543,0.0051,-79.0621,241.028,1.019128757434496,0.17534246575342466,0.002129420087171474,1555.8308041977257,16.9
504,SPX,1555.25,SPX130622P01585000,,put,2013-06-22,2013-04-19,1585.0,57.2,49.5,54.5,1,10940,0.1366,-0.6164,0.0043,-94.5661,247.3675,1.019128757434496,0.17534246575342466,0.0021604143198817854,1555.8392595468608,52.0
505,SPX,1555.25,SPX130622C01590000,,call,2013-06-22,2013-04-19,1590.0,14.7,14.1,15.6,32,19075,0.1098,0.3264,0.0051,-75.2749,233.5912,1.0223436746503778,0.17534246575342466,0.002033470082398383,1555.8046289486601,14.85
506,SPX,1555.25,SPX130622P01590000,,put,2013-06-22,2013-04-19,1590.0,57.45,52.6,57.8,2,12750,0.1365,-0.6375,0.0042,-92.6568,242.9483,1.0223436746503778,0.17534246575342466,0.0020357177694286556,1555.8052421147006,55.2
507,SPX,1555.25,SPX130622C01595000,,call,2013-06-22,2013-04-19,1595.0,12.31,12.3,13.7,16,1381,0.1083,0.2994,0.005,-71.4839,225.0368,1.0255585918662595,0.17534246575342466,0.001993687908450368,1555.7937764643623,13.0
508,SPX,1555.25,SPX130622C01600000,,call,2013-06-22,2013-04-19,1600.0,11.3,10.8,12.0,1645,62313,0.1072,0.2735,0.0048,-67.7477,215.5976,1.028773509082141,0.17534246575342466,0.0018535037902983184,1555.755535167151,11.4
509,SPX,1555.25,SPX130622P01600000,,put,2013-06-22,2013-04-19,1600.0,62.0,59.1,64.4,20,11022,0.1354,-0.6795,0.0041,-87.3517,231.8357,1.028773509082141,0.17534246575342466,0.0018365834116429655,1555.7509194637078,61.75
510,SPX,1555.25,SPX130622C01605000,,call,2013-06-22,2013-04-19,1605.0,9.85,9.3,10.5,1018,5889,0.1059,0.248,0.0046,-63.5963,204.9876,1.0319884262980228,0.17534246575342466,0.0017945122055442221,1555.739442935286,9.9
511,SPX,1555.25,SPX130622C01610000,,call,2013-06-22,2013-04-19,1610.0,8.35,7.9,9.1,197,7423,0.1045,0.223,0.0044,-59.155,193.3298,1.0352033435139045,0.17534246575342466,0.001667048987636587,1555.7046729907959,8.5
512,SPX,1555.25,SPX130622C01615000,,call,2013-06-22,2013-04-19,1615.0,7.1,6.8,7.9,7,8276,0.1038,0.2007,0.0042,-55.2086,181.7511,1.0384182607297863,0.17534246575342466,0.0016050720595611658,1555.687766948454,7.35
513,SPX,1555.25,SPX130622P01615000,,put,2013-06-22,2013-04-19,1615.0,79.7,69.7,75.3,1,56,0.1345,-0.7377,0.0037,-78.4296,211.0913,1.0384182607297863,0.17534246575342466,0.0015833503731612387,1555.681841758763,72.5
514,SPX,1555.25,SPX130622C01620000,,call,2013-06-22,2013-04-19,1620.0,6.05,5.7,6.7,33,15533,0.1024,0.1778,0.0039,-50.5294,168.7021,1.041633177945668,0.17534246575342466,0.0014817560368022495,1555.654129398156,6.2
515,SPX,1555.25,SPX130622C01625000,,call,2013-06-22,2013-04-19,1625.0,5.2,4.8,5.7,961,50045,0.1016,0.1577,0.0037,-46.3721,156.1188,1.0448480951615495,0.17534246575342466,0.0014505066232680195,1555.6456054492646,5.25
516,SPX,1555.25,SPX130622P01625000,,put,2013-06-22,2013-04-19,1625.0,88.25,77.8,83.6,102,2020,0.1368,-0.7682,0.0034,-74.3451,197.5722,1.0448480951615495,0.17534246575342466,0.0014023943513417608,1555.6324818847827,80.69999999999999
517,SPX,1555.25,SPX130622C01630000,,call,2013-06-22,2013-04-19,1630.0,4.45,4.0,4.9,328,16628,0.1005,0.1381,0.0034,-41.9542,142.8557,1.0480630123774313,0.17534246575342466,0.0013340403206726923,1555.6138371745308,4.45
518,SPX,1555.25,SPX130622C01635000,,call,2013-06-22,2013-04-19,1635.0,3.8,3.4,4.2,93,1201,0.1003,0.1221,0.0031,-38.435,131.1969,1.051277929593313,0.17534246575342466,0.0012195368700322834,1555.5826049353436,3.8
519,SPX,1555.25,SPX130622C01640000,,call,2013-06-22,2013-04-19,1640.0,3.2,2.85,3.5,289,15433,0.0991,0.1051,0.0028,-34.1059,117.8764,1.0544928468091948,0.17534246575342466,0.001154781954779774,1555.5649425050294,3.175
520,SPX,1555.25,SPX130622C01645000,,call,2013-06-22,2013-04-19,1645.0,2.62,2.35,2.65,8,1077,0.0971,0.0877,0.0025,-29.249,103.2074,1.0577077640250763,0.17534246575342466,0.0010352371854817693,1555.5323362228212,2.5
521,SPX,1555.25,SPX130622C01650000,,call,2013-06-22,2013-04-19,1650.0,2.1,2.1,2.25,1444,65486,0.0977,0.0777,0.0023,-26.8415,94.1727,1.060922681240958,0.17534246575342466,0.0010241751201980343,1555.5293190377577,2.175
522,SPX,1555.25,SPX130622C01655000,,call,2013-06-22,2013-04-19,1655.0,1.81,1.4,1.9,3,3384,0.0954,0.0627,0.002,-22.2286,79.8923,1.0641375984568398,0.17534246575342466,0.0008387548174521942,1555.4787464080775,1.65
523,SPX,1555.25,SPX130622C01660000,,call,2013-06-22,2013-04-19,1660.0,1.57,1.1,1.7,40,6072,0.0957,0.0545,0.0018,-19.9499,71.5055,1.0673525156727215,0.17534246575342466,0.0008706567212023756,1555.487447404819,1.4
524,SPX,1555.25,SPX130622C01665000,,call,2013-06-22,2013-04-19,1665.0,1.35,1.1,1.35,63,293,0.0968,0.0486,0.0016,-18.413,65.2728,1.070567432888603,0.17534246575342466,0.0007894876928780008,1555.4653092777032,1.225
525,SPX,1555.25,SPX130622C01670000,,call,2013-06-22,2013-04-19,1670.0,1.2,0.85,1.3,44,5446,0.0978,0.0432,0.0014,-16.9135,59.3657,1.0737823501044848,0.17534246575342466,0.0007250537687349531,1555.4477357250319,1.075
526,SPX,1555.25,SPX130622C01675000,,call,2013-06-22,2013-04-19,1675.0,0.95,1.0,1.05,31,7038,0.1004,0.0408,0.0013,-16.5938,56.7576,1.0769972673203665,0.17534246575342466,0.0004503919680702755,1555.3728273566169,1.025
527,SPX,1555.25,SPX130622C01680000,,call,2013-06-22,2013-04-19,1680.0,0.8,0.55,0.95,49,3672,0.0975,0.0309,0.0011,-12.8254,45.1821,1.0802121845362482,0.17534246575342466,0.00040042737187148594,1555.3592009263987,0.75
528,SPX,1555.25,SPX130622C01685000,,call,2013-06-22,2013-04-19,1685.0,0.75,0.4,0.8,54,1207,0.097,0.0255,0.0009,-10.8787,38.5322,1.08342710175213,0.17534246575342466,0.00022668670080103637,1555.311819002415,0.6000000000000001
529,SPX,1555.25,SPX130622C01690000,,call,2013-06-22,2013-04-19,1690.0,0.6,0.3,0.8,1,1797,0.0982,0.0228,0.0009,-10.0123,35.0404,1.0866420189680115,0.17534246575342466,0.00025303713085394596,1555.3190051030133,0.55
530,SPX,1555.25,SPX130622C01700000,,call,2013-06-22,2013-04-19,1700.0,0.55,0.4,0.7,11133,24941,0.098,0.0159,0.0006,-7.3375,25.7442,1.093071853399775,0.17534246575342466,0.00027482091065460495,1555.324945844525,0.55
531,SPX,1555.25,SPX130622P01700000,,put,2013-06-22,2013-04-19,1700.0,155.0,148.0,153.4,1000,4,0.1756,-0.8797,0.0018,-61.4799,129.8258,1.093071853399775,0.17534246575342466,7.265869297412922e-06,1555.251981413773,150.7
532,SPX,1555.25,SPX130622C01710000,,call,2013-06-22,2013-04-19,1710.0,0.35,0.15,0.5,1,2961,0.098,0.011,0.0005,-5.3316,18.7146,1.0995016878315382,0.17534246575342466,0.00015134849887526135,1555.291273490622,0.325
533,SPX,1555.25,SPX130622C01725000,,call,2013-06-22,2013-04-19,1725.0,0.3,0.25,0.45,107,4081,0.098,0.0061,0.0003,-3.1897,11.2029,1.1091464394791835,0.17534246575342466,-0.0005766508981494296,1555.0927544599335,0.35
534,SPX,1555.25,SPX130622C01750000,,call,2013-06-22,2013-04-19,1750.0,0.25,0.2,0.35,660,1172,0.098,0.0021,0.0001,-1.2385,4.3534,1.125221025558592,0.17534246575342466,-0.001933377157009896,1554.7228547578102,0.275
535,SPX,1555.25,SPX130622C01825000,,call,2013-06-22,2013-04-19,1825.0,0.05,0.0,0.1,11,130,0.098,0.0001,0.0,-0.0386,0.136,1.1734447837968172,0.17534246575342466,0.036993365119192684,1565.370930605484,0.05
536,SPX,1555.25,SPXQ130628P01350000,,put,2013-06-28,2013-04-19,1350.0,6.1,4.4,5.8,1,3093,0.2295,-0.0707,0.0009,-55.1109,91.7578,0.8680276482880566,0.1917808219178082,0.006357802338058702,1557.147479981717,5.1
537,SPX,1555.25,SPXQ130628P01375000,,put,2013-06-28,2013-04-19,1375.0,7.6,5.5,7.2,1,903,0.2183,-0.0889,0.0011,-62.2516,109.0345,0.884102234367465,0.1917808219178082,0.0056003175004294276,1556.921287939303,6.35
538,SPX,1555.25,SPXQ130628P01400000,,put,2013-06-28,2013-04-19,1400.0,8.2,7.3,9.1,327,3673,0.2091,-0.114,0.0014,-71.4712,130.7895,0.9001768204468735,0.1917808219178082,0.005393076008855142,1556.859409420228,8.2
539,SPX,1555.25,SPXQ130628P01450000,,put,2013-06-28,2013-04-19,1450.0,13.4,12.4,14.3,8,8033,0.1886,-0.1841,0.0021,-88.708,180.3643,0.9323259926056904,0.1917808219178082,0.004369231383884141,1556.553744225885,13.350000000000001
540,SPX,1555.25,SPXQ130628P01475000,,put,2013-06-28,2013-04-19,1475.0,20.2,16.2,18.5,300,934,0.1793,-0.2346,0.0025,-97.1571,208.1073,0.9484005786850989,0.1917808219178082,0.004018134133739176,1556.448939201638,17.35
541,SPX,1555.25,SPXQ130628P01500000,,put,2013-06-28,2013-04-19,1500.0,25.8,21.2,23.4,1,3185,0.169,-0.2963,0.003,-102.9096,234.3514,0.9644751647645073,0.1917808219178082,0.0036013120710150955,1556.3245240155384,22.299999999999997
542,SPX,1555.25,SPXQ130628P01525000,,put,2013-06-28,2013-04-19,1525.0,30.3,27.8,30.4,202,1132,0.1601,-0.373,0.0035,-106.4438,256.5955,0.9805497508439158,0.1917808219178082,0.0031852664272452556,1556.2003504963418,29.1
543,SPX,1555.25,SPXQ130628P01530000,,put,2013-06-28,2013-04-19,1530.0,32.0,29.4,32.0,99,182,0.1584,-0.39,0.0036,-106.6692,260.0768,0.9837646680597975,0.1917808219178082,0.003134968513101511,1556.1853391873365,30.7
544,SPX,1555.25,SPXQ130628P01540000,,put,2013-06-28,2013-04-19,1540.0,35.3,32.7,35.4,29,163,0.1547,-0.4256,0.0037,-106.2621,265.6969,0.9901945024915608,0.1917808219178082,0.0029191113134308787,1556.1209186942851,34.05
545,SPX,1555.25,SPXQ130628C01550000,,call,2013-06-28,2013-04-19,1550.0,35.2,34.8,37.7,53,2891,0.1228,0.5397,0.0048,-89.2025,269.0746,0.9966243369233242,0.1917808219178082,0.0027794757255548965,1556.079247224448,36.25
546,SPX,1555.25,SPXQ130628P01550000,,put,2013-06-28,2013-04-19,1550.0,39.5,36.5,39.3,52,3073,0.1514,-0.4633,0.0039,-105.2049,269.2701,0.9966243369233242,0.1917808219178082,0.002756383854271023,1556.072356021302,37.9
547,SPX,1555.25,SPXQ130628P01575000,,put,2013-06-28,2013-04-19,1575.0,50.0,47.9,51.3,100,216,0.1449,-0.5635,0.004,-99.2604,266.9827,1.0126989230027328,0.1917808219178082,0.0024106264576998684,1555.969176848066,49.599999999999994
548,SPX,1555.25,SPXQ130628P01580000,,put,2013-06-28,2013-04-19,1580.0,53.75,50.6,53.9,198,224,0.1436,-0.5842,0.004,-97.2657,264.3773,1.0159138402186143,0.1917808219178082,0.0022858948586060787,1555.9319567544744,52.25
549,SPX,1555.25,SPXQ130628P01590000,,put,2013-06-28,2013-04-19,1590.0,59.25,54.3,61.0,58,66,0.1402,-0.6264,0.004,-91.8754,256.7175,1.0223436746503778,0.1917808219178082,0.0022025889392624856,1555.9070986408651,57.65
550,SPX,1555.25,SPXQ130628C01625000,,call,2013-06-28,2013-04-19,1625.0,6.3,5.6,7.4,1,5254,0.1042,0.1757,0.0037,-48.7927,175.198,1.0448480951615495,0.1917808219178082,0.0016001053578541596,1555.7273320576282,6.5
551,SPX,1555.25,SPXQ130628P01630000,,put,2013-06-28,2013-04-19,1630.0,88.6,82.4,90.0,99,112,0.1383,-0.7703,0.0032,-71.305,205.6592,1.0480630123774313,0.1917808219178082,0.0015705017503052487,1555.7184995898317,86.2
552,SPX,1555.25,SPXQ130628P01640000,,put,2013-06-28,2013-04-19,1640.0,96.6,90.8,98.6,29,33,0.1405,-0.796,0.003,-67.3305,192.0543,1.0544928468091948,0.1917808219178082,0.0013396836548691376,1555.649634925883,94.69999999999999
553,SPX,1555.25,SPXQ130628C01650000,,call,2013-06-28,2013-04-19,1650.0,3.0,2.4,3.6,2,2572,0.1008,0.0947,0.0025,-30.7346,114.3273,1.060922681240958,0.1917808219178082,0.0012158078067050866,1555.612677777872,3.0
554,SPX,1555.25,SPX130720P00975000,,put,2013-07-20,2013-04-19,975.0,0.3,0.05,0.3,5,13,0.2702,-0.0002,0.0,-0.3319,0.6164,0.6269088570969298,0.25205479452054796,0.01615381851130504,1561.5953388525322,0.175
555,SPX,1555.25,SPX130720P01000000,,put,2013-07-20,2013-04-19,1000.0,0.4,0.05,0.35,1,3194,0.2702,-0.0004,0.0,-0.6313,1.1727,0.6429834431763382,0.25205479452054796,0.015801873054694417,1561.4568165929632,0.19999999999999998
556,SPX,1555.25,SPX130720P01020000,,put,2013-07-20,2013-04-19,1020.0,0.4,0.1,0.45,60,75,0.2702,-0.0007,0.0,-1.0187,1.8927,0.655843112039865,0.25205479452054796,0.009254833251653223,1558.8822055231692,0.275
557,SPX,1555.25,SPX130720P01025000,,put,2013-07-20,2013-04-19,1025.0,0.45,0.15,0.5,51,65,0.2702,-0.0008,0.0,-1.1427,2.1231,0.6590580292557466,0.25205479452054796,0.0078034182925532936,1558.3120144424636,0.325
558,SPX,1555.25,SPX130720P01040000,,put,2013-07-20,2013-04-19,1040.0,0.6,0.2,0.55,10,50,0.2702,-0.0011,0.0,-1.5951,2.9639,0.6687027809033917,0.25205479452054796,0.014802117319911351,1561.063389624567,0.375
559,SPX,1555.25,SPX130720P01050000,,put,2013-07-20,2013-04-19,1050.0,0.65,0.25,0.6,11,5083,0.2702,-0.0014,0.0,-1.9744,3.669,0.6751326153351551,0.25205479452054796,0.013516460794087762,1560.5575997927608,0.425
560,SPX,1555.25,SPX130720P01060000,,put,2013-07-20,2013-04-19,1060.0,0.65,0.3,0.65,61,80,0.2702,-0.0018,0.0,-2.4271,4.5104,0.6815624497669185,0.25205479452054796,0.009334616113263881,1558.9135544182686,0.475
561,SPX,1555.25,SPX130720P01070000,,put,2013-07-20,2013-04-19,1070.0,0.75,0.4,0.7,21,55,0.2702,-0.0023,0.0,-2.9633,5.5073,0.6879922841986819,0.25205479452054796,0.004903899104538652,1557.173557317838,0.55
562,SPX,1555.25,SPX130720P01075000,,put,2013-07-20,2013-04-19,1075.0,0.8,0.4,0.7,31,177,0.2702,-0.0025,0.0,-3.2662,6.0704,0.6912072014145636,0.25205479452054796,0.009001603318114747,1558.782708647492,0.55
563,SPX,1555.25,SPX130720P01080000,,put,2013-07-20,2013-04-19,1080.0,0.85,0.35,0.75,30,81,0.2702,-0.0028,0.0,-3.5941,6.6802,0.6944221186304452,0.25205479452054796,0.007656612892309386,1558.254353282037,0.55
564,SPX,1555.25,SPX130720P01090000,,put,2013-07-20,2013-04-19,1090.0,0.9,0.55,0.8,21,280,0.2702,-0.0034,0.0,-4.3311,8.0507,0.7008519530622086,0.25205479452054796,0.0098623529609334,1559.1209327132876,0.675
565,SPX,1555.25,SPX130720P01100000,,put,2013-07-20,2013-04-19,1100.0,0.85,0.6,0.85,121,4447,0.2702,-0.0042,0.0001,-5.1866,9.6415,0.7072817874939721,0.25205479452054796,0.007920973827922617,1558.3581885914386,0.725
566,SPX,1555.25,SPX130720P01110000,,put,2013-07-20,2013-04-19,1110.0,0.9,0.6,0.95,130,511,0.2702,-0.0051,0.0001,-6.173,11.4761,0.7137116219257355,0.25205479452054796,0.007992410648248967,1558.3862486308044,0.7749999999999999
567,SPX,1555.25,SPX130720P01120000,,put,2013-07-20,2013-04-19,1120.0,1.0,0.75,1.05,190,791,0.2702,-0.0062,0.0001,-7.3031,13.5783,0.7201414563574988,0.25205479452054796,0.006750095296561141,1557.8983451367392,0.9
568,SPX,1555.25,SPX130720P01125000,,put,2013-07-20,2013-04-19,1125.0,1.05,0.8,1.1,180,2794,0.2702,-0.0068,0.0001,-7.9261,14.7372,0.7233563735733805,0.25205479452054796,0.0067193094602753245,1557.8862563323733,0.9500000000000001
569,SPX,1555.25,SPX130720P01130000,,put,2013-07-20,2013-04-19,1130.0,1.1,0.85,1.15,130,930,0.2702,-0.0074,0.0001,-8.5899,15.972,0.7265712907892622,0.25205479452054796,0.00794014531897836,1558.3657190112958,1.0
570,SPX,1555.25,SPX130720P01140000,,put,2013-07-20,2013-04-19,1140.0,1.2,0.95,1.25,71,1145,0.2702,-0.0089,0.0001,-10.0458,18.6809,0.7330011252210256,0.25205479452054796,0.006575967297999044,1557.8299707952624,1.1
571,SPX,1555.25,SPX130720P01150000,,put,2013-07-20,2013-04-19,1150.0,1.3,1.1,1.35,461,4602,0.2702,-0.0106,0.0001,-11.6834,21.728,0.7394309596527889,0.25205479452054796,0.006055611104364721,1557.6256619046362,1.225
572,SPX,1555.25,SPX130720P01160000,,put,2013-07-20,2013-04-19,1160.0,1.45,1.2,1.5,70,843,0.2702,-0.0125,0.0002,-13.5143,25.1354,0.7458607940845523,0.25205479452054796,0.006498937708372211,1557.7997247647527,1.35
573,SPX,1555.25,SPX130720P01180000,,put,2013-07-20,2013-04-19,1180.0,2.05,1.45,2.1,8,60,0.2702,-0.0172,0.0002,-17.7985,33.1103,0.758720462948079,0.25205479452054796,0.006479385040314499,1557.7920474111654,1.775
574,SPX,1555.25,SPX130720P01250000,,put,2013-07-20,2013-04-19,1250.0,3.8,2.8,3.7,1,59,0.257,-0.0384,0.0004,-33.1473,64.8882,0.8037293039704227,0.25205479452054796,0.00596951868202987,1557.5918617823227,3.25
575,SPX,1555.25,SPX130720P01300000,,put,2013-07-20,2013-04-19,1300.0,5.75,4.3,5.4,1,19232,0.2381,-0.0581,0.0006,-42.7539,90.4188,0.8358784761292397,0.25205479452054796,0.005431035629405466,1557.3804684916188,4.85
576,SPX,1555.25,SPX130720P01350000,,put,2013-07-20,2013-04-19,1350.0,7.5,6.7,8.1,33,12739,0.2202,-0.0891,0.0009,-54.7723,125.4034,0.8680276482880566,0.25205479452054796,0.004740988224541803,1557.109617240652,7.4
577,SPX,1555.25,SPX130720P01375000,,put,2013-07-20,2013-04-19,1375.0,9.2,8.4,9.8,91,2609,0.2107,-0.1097,0.0011,-60.9782,146.0201,0.884102234367465,0.25205479452054796,0.004507391204575231,1557.0179384949977,9.100000000000001
578,SPX,1555.25,SPX130720P01400000,,put,2013-07-20,2013-04-19,1400.0,11.82,10.5,12.1,2137,12938,0.2018,-0.1359,0.0014,-67.7893,169.6461,0.9001768204468735,0.25205479452054796,0.004126670934490994,1556.8685305332358,11.3
579,SPX,1555.25,SPX130720P01420000,,put,2013-07-20,2013-04-19,1420.0,14.0,12.7,14.3,23,102,0.1949,-0.1613,0.0016,-73.3822,190.3111,0.9130364893104003,0.25205479452054796,0.004043690592075121,1556.835968044985,13.5
580,SPX,1555.25,SPX130720P01425000,,put,2013-07-20,2013-04-19,1425.0,13.7,13.3,14.5,310,2497,0.1921,-0.1672,0.0017,-73.9935,194.7462,0.9162514065262819,0.25205479452054796,0.003892262464132816,1556.7765475746871,13.9
581,SPX,1555.25,SPX130720P01430000,,put,2013-07-20,2013-04-19,1430.0,15.0,13.9,15.5,2,40,0.1912,-0.1754,0.0017,-75.9385,200.853,0.9194663237421636,0.25205479452054796,0.003948416189521697,1556.7985820589859,14.7
582,SPX,1555.25,SPX130720C01440000,,call,2013-07-20,2013-04-19,1440.0,123.5,120.8,126.9,1,21,0.1423,0.8701,0.0019,-50.1763,164.4698,0.925896158173927,0.25205479452054796,0.0038088258016727595,1556.7438079572623,123.85
583,SPX,1555.25,SPX130720P01440000,,put,2013-07-20,2013-04-19,1440.0,16.56,15.3,16.9,9,143,0.1878,-0.1911,0.0019,-78.6295,211.8506,0.925896158173927,0.25205479452054796,0.0037809047070676907,1556.7328521843492,16.1
584,SPX,1555.25,SPX130720P01450000,,put,2013-07-20,2013-04-19,1450.0,18.6,16.8,18.5,89,9870,0.1845,-0.2081,0.002,-81.2793,223.0387,0.9323259926056904,0.25205479452054796,0.0037571226304814187,1556.7235205540378,17.65
585,SPX,1555.25,SPX130720P01460000,,put,2013-07-20,2013-04-19,1460.0,20.23,18.4,20.2,9,6011,0.181,-0.2263,0.0021,-83.6406,234.1102,0.9387558270374537,0.25205479452054796,0.003664034112667563,1556.6869949446402,19.299999999999997
586,SPX,1555.25,SPX130720P01475000,,put,2013-07-20,2013-04-19,1475.0,22.4,21.1,23.0,2186,12107,0.1757,-0.2564,0.0024,-86.7816,250.5096,0.9484005786850989,0.25205479452054796,0.003425385259169635,1556.5933590098573,22.05
587,SPX,1555.25,SPX130720P01480000,,put,2013-07-20,2013-04-19,1480.0,24.09,22.2,24.1,38,515,0.1743,-0.2675,0.0024,-87.9561,256.0408,0.9516154959009806,0.25205479452054796,0.0034352704314300833,1556.5972374305832,23.15
588,SPX,1555.25,SPX130720P01500000,,put,2013-07-20,2013-04-19,1500.0,28.0,26.7,28.8,752,8051,0.1675,-0.3149,0.0027,-91.0563,276.3477,0.9644751647645073,0.25205479452054796,0.003279865366162652,1556.5362657897647,27.75
589,SPX,1555.25,SPX130720P01520000,,put,2013-07-20,2013-04-19,1520.0,34.95,32.2,34.4,34,97,0.1609,-0.3693,0.003,-92.6957,293.5598,0.9773348336280341,0.25205479452054796,0.003047884404744272,1556.4452547965927,33.3
590,SPX,1555.25,SPX130720C01525000,,call,2013-07-20,2013-04-19,1525.0,57.7,56.7,59.1,20,93,0.132,0.6334,0.0037,-79.8106,292.839,0.9805497508439158,0.25205479452054796,0.002983549224862502,1556.4200156996956,57.900000000000006
591,SPX,1555.25,SPX130720P01525000,,put,2013-07-20,2013-04-19,1525.0,35.2,33.8,35.9,4955,17125,0.1593,-0.384,0.0031,-92.8323,297.1499,0.9805497508439158,0.25205479452054796,0.002985248857601713,1556.420682471077,34.849999999999994
592,SPX,1555.25,SPX130720C01530000,,call,2013-07-20,2013-04-19,1530.0,53.0,53.3,55.7,1253,3,0.1304,0.6157,0.0038,-79.9501,297.2244,0.9837646680597975,0.25205479452054796,0.0029731013018449454,1556.4159169522193,54.5
593,SPX,1555.25,SPX130720P01530000,,put,2013-07-20,2013-04-19,1530.0,36.5,35.4,37.6,3,11030,0.1577,-0.3991,0.0031,-92.8317,300.3838,0.9837646680597975,0.25205479452054796,0.00293609627755787,1556.4013998714008,36.5
594,SPX,1555.25,SPX130720C01540000,,call,2013-07-20,2013-04-19,1540.0,48.0,46.9,49.2,2,115,0.1277,0.5781,0.0039,-80.0337,304.4008,0.9901945024915608,0.25205479452054796,0.0028693731635666426,1556.3752247183072,48.05
595,SPX,1555.25,SPX130720P01540000,,put,2013-07-20,2013-04-19,1540.0,40.0,38.9,41.2,13,562,0.1548,-0.4306,0.0033,-92.5761,305.6563,0.9901945024915608,0.25205479452054796,0.002835724519645033,1556.3620246859318,40.05
596,SPX,1555.25,SPX130720C01550000,,call,2013-07-20,2013-04-19,1550.0,41.0,40.8,43.1,5496,8735,0.125,0.5384,0.0041,-79.3683,308.9291,0.9966243369233242,0.25205479452054796,0.0027747402182956814,1556.3381014290692,41.95
597,SPX,1555.25,SPX130720P01550000,,put,2013-07-20,2013-04-19,1550.0,43.75,42.6,45.0,4728,14674,0.1514,-0.4635,0.0034,-91.3792,309.0675,0.9966243369233242,0.25205479452054796,0.0027529968930881717,1556.3295719268986,43.8
598,SPX,1555.25,SPX130720C01560000,,call,2013-07-20,2013-04-19,1560.0,33.7,35.1,37.3,3,4647,0.1223,0.4968,0.0042,-77.8878,310.3594,1.0030541713550876,0.25205479452054796,0.0026659861898860517,1556.2954397137792,36.2
599,SPX,1555.25,SPX130720P01560000,,put,2013-07-20,2013-04-19,1560.0,54.3,47.0,49.3,65,2526,0.149,-0.4977,0.0034,-90.1232,310.3641,1.0030541713550876,0.25205479452054796,0.0027091619016711144,1556.3123764169748,48.15
600,SPX,1555.25,SPX130720P01570000,,put,2013-07-20,2013-04-19,1570.0,55.0,51.5,54.0,2,33,0.1464,-0.533,0.0035,-88.0366,309.3071,1.009484005786851,0.25205479452054796,0.0025842822836441865,1556.2633899113684,52.75
601,SPX,1555.25,SPX130720C01575000,,call,2013-07-20,2013-04-19,1575.0,28.0,27.3,29.4,2840,5519,0.1187,0.4321,0.0043,-74.3292,305.8569,1.0126989230027328,0.25205479452054796,0.002582801380634392,1556.2628090070584,28.35
602,SPX,1555.25,SPX130720P01575000,,put,2013-07-20,2013-04-19,1575.0,57.47,54.0,56.5,5,4542,0.1452,-0.5509,0.0035,-86.786,307.8424,1.0126989230027328,0.25205479452054796,0.0025221345796210895,1556.2390118171509,55.25
603,SPX,1555.25,SPX130720C01580000,,call,2013-07-20,2013-04-19,1580.0,25.49,25.0,27.0,5,539,0.1177,0.4102,0.0042,-72.8359,302.4793,1.0159138402186143,0.25205479452054796,0.002487978272454985,1556.225613807018,26.0
604,SPX,1555.25,SPX130720P01580000,,put,2013-07-20,2013-04-19,1580.0,59.5,56.5,59.1,1,488,0.1439,-0.569,0.0035,-85.2915,305.7219,1.0159138402186143,0.25205479452054796,0.002462124983173374,1556.215472780634,57.8
605,SPX,1555.25,SPX130720P01590000,,put,2013-07-20,2013-04-19,1590.0,63.5,62.0,64.7,1,302,0.1419,-0.6049,0.0035,-82.1571,299.5775,1.0223436746503778,0.25205479452054796,0.0024056118867871127,1556.1933055876616,63.35
606,SPX,1555.25,SPX130720C01600000,,call,2013-07-20,2013-04-19,1600.0,17.5,16.7,17.7,12,16538,0.1104,0.3179,0.0042,-62.5307,277.4577,1.028773509082141,0.25205479452054796,0.0023110006436824603,1556.1561951500166,17.2
607,SPX,1555.25,SPX130720C01620000,,call,2013-07-20,2013-04-19,1620.0,11.0,10.4,11.7,2,447,0.1066,0.2341,0.0037,-51.8012,238.5936,1.041633177945668,0.25205479452054796,0.0021215838145083278,1556.0819007048237,11.05
608,SPX,1555.25,SPX130720C01625000,,call,2013-07-20,2013-04-19,1625.0,9.62,9.2,10.3,11,1674,0.1056,0.2145,0.0036,-48.7967,226.9993,1.0448480951615495,0.25205479452054796,0.0021231013535357897,1556.0824959109136,9.75
609,SPX,1555.25,SPX130720C01630000,,call,2013-07-20,2013-04-19,1630.0,8.52,8.1,9.4,2,866,0.1054,0.1974,0.0034,-46.3423,216.1125,1.0480630123774313,0.25205479452054796,0.0020429795340409403,1556.0510710041228,8.75
610,SPX,1555.25,SPX130720C01635000,,call,2013-07-20,2013-04-19,1635.0,7.8,7.1,8.0,2,0,0.104,0.1783,0.0032,-42.9181,202.9257,1.051277929593313,0.25205479452054796,0.002023011697394675,1556.043239435965,7.55
611,SPX,1555.25,SPX130720C01650000,,call,2013-07-20,2013-04-19,1650.0,4.88,4.7,5.6,13,5635,0.1025,0.1326,0.0027,-34.7276,166.8354,1.060922681240958,0.25205479452054796,0.0018994360019902908,1555.9947727947954,5.15
612,SPX,1555.25,SPX130720C01655000,,call,2013-07-20,2013-04-19,1655.0,4.5,3.7,4.6,1,4048,0.0993,0.1126,0.0025,-29.9952,148.7802,1.0641375984568398,0.25205479452054796,0.001819910576706901,1555.9635835582465,4.15
613,SPX,1555.25,SPX130720C01660000,,call,2013-07-20,2013-04-19,1660.0,3.8,3.5,4.0,5,2059,0.1001,0.1033,0.0023,-28.4028,139.825,1.0673525156727215,0.25205479452054796,0.0017758709456864186,1555.9463118357155,3.75
614,SPX,1555.25,SPX130720C01665000,,call,2013-07-20,2013-04-19,1665.0,3.3,3.0,3.5,3,4,0.0997,0.092,0.0021,-25.9749,128.4368,1.070567432888603,0.25205479452054796,0.0017329493720254063,1555.9294787840042,3.25
615,SPX,1555.25,SPX130720C01675000,,call,2013-07-20,2013-04-19,1675.0,2.55,2.2,2.6,14,3603,0.0988,0.0719,0.0018,-21.3438,106.5775,1.0769972673203665,0.25205479452054796,0.0017388811064718021,1555.9318050903044,2.4000000000000004
616,SPX,1555.25,SPX130720C01680000,,call,2013-07-20,2013-04-19,1680.0,2.25,1.65,2.25,2,818,0.0973,0.061,0.0016,-18.5042,93.8502,1.0802121845362482,0.25205479452054796,0.001673571368968437,1555.9061921236018,1.95
617,SPX,1555.25,SPX130720C01690000,,call,2013-07-20,2013-04-19,1690.0,1.7,1.1,1.75,3,1006,0.097,0.0471,0.0013,-15.0193,76.4627,1.0866420189680115,0.25205479452054796,0.001593518123056403,1555.8747976694526,1.425
618,SPX,1555.25,SPX130720C01710000,,call,2013-07-20,2013-04-19,1710.0,1.05,0.65,1.1,7,3,0.0988,0.03,0.0009,-10.5823,52.9594,1.0995016878315382,0.25205479452054796,0.0013275188199300854,1555.7704853628186,0.875
619,SPX,1555.25,SPX130921P01025000,,put,2013-09-21,2013-04-19,1025.0,1.85,1.45,2.15,1,2551,0.2864,-0.0097,0.0001,-8.834,26.216,0.6590580292557466,0.4246575342465753,0.004582871457025274,1558.2796983447058,1.7999999999999998
620,SPX,1555.25,SPX130921P01050000,,put,2013-09-21,2013-04-19,1050.0,2.1,1.8,2.5,3,7850,0.2864,-0.0136,0.0001,-11.8526,35.1827,0.6751326153351551,0.4246575342465753,0.004581742669178247,1558.278951386217,2.15
621,SPX,1555.25,SPX130921P01100000,,put,2013-09-21,2013-04-19,1100.0,3.07,2.5,3.4,51,10811,0.2864,-0.0251,0.0002,-19.9369,59.2114,0.7072817874939721,0.4246575342465753,0.004088327705180667,1557.9524756905666,2.95
622,SPX,1555.25,SPX130921P01150000,,put,2013-09-21,2013-04-19,1150.0,4.85,3.7,4.9,1,16805,0.2733,-0.0364,0.0003,-25.9095,80.6934,0.7394309596527889,0.4246575342465753,0.00421210072012556,1558.034365606042,4.300000000000001
623,SPX,1555.25,SPX130921P01200000,,put,2013-09-21,2013-04-19,1200.0,6.13,5.3,6.6,1503,19706,0.258,-0.0509,0.0004,-32.0206,105.7291,0.7715801318116059,0.4246575342465753,0.0038629474196561,1557.8033720727324,5.949999999999999
624,SPX,1555.25,SPX130921P01250000,,put,2013-09-21,2013-04-19,1250.0,8.7,8.0,9.1,21,24359,0.2452,-0.0725,0.0006,-40.1093,139.4919,0.8037293039704227,0.4246575342465753,0.0038092027667271725,1557.7678186202552,8.55
625,SPX,1555.25,SPX130921P01275000,,put,2013-09-21,2013-04-19,1275.0,11.0,9.0,10.6,7,15908,0.2361,-0.084,0.0006,-43.1619,155.9925,0.8198038900498312,0.4246575342465753,0.003742725551672335,1557.7238433772054,9.8
626,SPX,1555.25,SPX130921P01300000,,put,2013-09-21,2013-04-19,1300.0,11.87,10.7,12.5,5013,44234,0.2292,-0.0994,0.0008,-47.4148,176.6431,0.8358784761292397,0.4246575342465753,0.003527430724888026,1557.581432538931,11.6
627,SPX,1555.25,SPX130921P01325000,,put,2013-09-21,2013-04-19,1325.0,13.8,12.8,14.6,10,9923,0.222,-0.117,0.0009,-51.6168,198.6906,0.8519530622086481,0.4246575342465753,0.0034938901728265026,1557.5592476780887,13.7
628,SPX,1555.25,SPX130921P01350000,,put,2013-09-21,2013-04-19,1350.0,16.46,15.2,17.2,1351,23620,0.215,-0.1377,0.001,-55.9506,222.5849,0.8680276482880566,0.4246575342465753,0.0034591876120823734,1557.5362945578106,16.2
629,SPX,1555.25,SPX130921P01375000,,put,2013-09-21,2013-04-19,1375.0,19.0,17.9,20.2,600,8340,0.2077,-0.1615,0.0012,-60.056,247.5734,0.884102234367465,0.4246575342465753,0.0033556097317145074,1557.467787632306,19.049999999999997
630,SPX,1555.25,SPX130921P01400000,,put,2013-09-21,2013-04-19,1400.0,22.2,21.6,23.0,1697,47308,0.1999,-0.1886,0.0013,-63.7018,273.1894,0.9001768204468735,0.4246575342465753,0.0032619133083289648,1557.4058189473606,22.3
631,SPX,1555.25,SPX130921P01425000,,put,2013-09-21,2013-04-19,1425.0,26.9,25.7,27.9,1520,26679,0.1944,-0.2223,0.0015,-68.2155,301.2408,0.9162514065262819,0.4246575342465753,0.003186933956957176,1557.3562310844616,26.799999999999997
632,SPX,1555.25,SPX130921P01450000,,put,2013-09-21,2013-04-19,1450.0,32.9,30.5,32.9,2365,35820,0.1877,-0.2595,0.0017,-71.5353,327.7357,0.9323259926056904,0.4246575342465753,0.0031243735143036376,1557.314857719648,31.7
633,SPX,1555.25,SPX130921C01475000,,call,2013-09-21,2013-04-19,1475.0,104.2,103.3,108.2,10,9870,0.141,0.7378,0.0023,-57.8252,329.4818,0.9484005786850989,0.4246575342465753,0.0030412564994508617,1557.2598912893395,105.75
634,SPX,1555.25,SPX130921P01475000,,put,2013-09-21,2013-04-19,1475.0,37.0,36.1,38.7,665,20373,0.1808,-0.3017,0.0019,-73.9678,352.5459,0.9484005786850989,0.4246575342465753,0.0030384911457970176,1557.2580625561086,37.400000000000006
635,SPX,1555.25,SPX130921P01500000,,put,2013-09-21,2013-04-19,1500.0,44.0,43.0,44.8,138,37308,0.1735,-0.3492,0.0021,-75.1615,374.2842,0.9644751647645073,0.4246575342465753,0.002936141783181065,1557.1903802533545,43.9
636,SPX,1555.25,SPX130921C01525000,,call,2013-09-21,2013-04-19,1525.0,69.82,68.7,72.0,16,11721,0.1327,0.6119,0.0029,-63.2451,387.4665,0.9805497508439158,0.4246575342465753,0.0028299841839466156,1557.1201827210944,70.35
637,SPX,1555.25,SPX130921P01525000,,put,2013-09-21,2013-04-19,1525.0,53.4,51.1,53.9,710,9686,0.1687,-0.4034,0.0023,-76.2265,391.5637,0.9805497508439158,0.4246575342465753,0.0028269850270659716,1557.118199551412,52.5
638,SPX,1555.25,SPX130921C01545000,,call,2013-09-21,2013-04-19,1545.0,57.42,56.5,59.5,15,235,0.1288,0.5536,0.003,-63.1203,399.803,0.9934094197074426,0.4246575342465753,0.002769857775000233,1557.0804250726183,58.0
639,SPX,1555.25,SPX130921P01545000,,put,2013-09-21,2013-04-19,1545.0,64.0,57.1,61.6,2,2330,0.1623,-0.4497,0.0024,-74.7091,400.2366,0.9934094197074426,0.4246575342465753,0.0027438785342989973,1557.0632470196792,59.35
640,SPX,1555.25,SPX130921C01550000,,call,2013-09-21,2013-04-19,1550.0,54.25,53.6,56.5,1860,33471,0.1278,0.5384,0.0031,-62.8593,401.5852,0.9966243369233242,0.4246575342465753,0.002777218204957575,1557.0852919873967,55.05
641,SPX,1555.25,SPX130921P01550000,,put,2013-09-21,2013-04-19,1550.0,61.4,60.7,63.7,541,26899,0.1632,-0.4618,0.0024,-75.338,401.5998,0.9966243369233242,0.4246575342465753,0.0027373215675733052,1557.0589114371,62.2
642,SPX,1555.25,SPX130921C01575000,,call,2013-09-21,2013-04-19,1575.0,40.8,40.3,43.0,567,13269,0.1236,0.4593,0.0032,-60.5264,401.351,1.0126989230027328,0.4246575342465753,0.002693356902718197,1557.0298415335462,41.65
643,SPX,1555.25,SPX130921P01575000,,put,2013-09-21,2013-04-19,1575.0,73.1,70.7,75.2,9,2751,0.1568,-0.5244,0.0025,-72.2019,402.6969,1.0126989230027328,0.4246575342465753,0.002696763516436702,1557.0320940033366,72.95
644,SPX,1555.25,SPX130921C01600000,,call,2013-09-21,2013-04-19,1600.0,30.1,28.9,31.3,3201,35897,0.1187,0.3769,0.0032,-55.453,384.0786,1.028773509082141,0.4246575342465753,0.002627148594398723,1556.9860649206546,30.1
645,SPX,1555.25,SPX130921C01625000,,call,2013-09-21,2013-04-19,1625.0,20.25,19.8,21.7,100,20816,0.1143,0.2955,0.003,-48.418,349.2193,1.0448480951615495,0.4246575342465753,0.002520929227398951,1556.9158357607178,20.75
646,SPX,1555.25,SPX130921C01650000,,call,2013-09-21,2013-04-19,1650.0,13.6,12.8,14.3,371,24188,0.1102,0.2197,0.0027,-39.904,299.233,1.060922681240958,0.4246575342465753,0.0024358861753502516,1556.8596100484879,13.55
647,SPX,1555.25,SPX130921C01675000,,call,2013-09-21,2013-04-19,1675.0,8.3,8.0,9.4,2,8779,0.1083,0.1583,0.0022,-31.9518,244.3537,1.0769972673203665,0.4246575342465753,0.00237433278089973,1556.818915651524,8.7
648,SPX,1555.25,SPX130921C01700000,,call,2013-09-21,2013-04-19,1700.0,5.3,5.0,5.5,2500,31508,0.1053,0.106,0.0017,-23.4911,185.1023,1.093071853399775,0.4246575342465753,0.0023421776288472546,1556.7976575471089,5.25
649,SPX,1555.25,SPX130921C01725000,,call,2013-09-21,2013-04-19,1725.0,3.3,2.9,3.4,1005,3851,0.1042,0.0697,0.0013,-16.9768,135.4084,1.1091464394791835,0.4246575342465753,0.0021739199736059596,1556.6864254000723,3.15
650,SPX,1555.25,SPX130921C01750000,,call,2013-09-21,2013-04-19,1750.0,2.15,2.0,2.15,5,4110,0.106,0.0484,0.0009,-12.95,101.6938,1.125221025558592,0.4246575342465753,0.002092936445674579,1556.6328914614644,2.075
651,SPX,1555.25,SPX130921C01775000,,call,2013-09-21,2013-04-19,1775.0,1.4,0.9,1.45,8,526,0.1047,0.0294,0.0006,-8.4965,67.6286,1.1412956116380004,0.4246575342465753,0.002133589993648678,1556.6597651475151,1.175
652,SPX,1555.25,SPX130921C01800000,,call,2013-09-21,2013-04-19,1800.0,0.95,0.5,1.0,9,16170,0.1058,0.0191,0.0004,-5.9687,47.066,1.1573701977174087,0.4246575342465753,0.0020496839438323665,1556.6043002681877,0.75
653,SPX,1555.25,SPX130921C01850000,,call,2013-09-21,2013-04-19,1850.0,0.45,0.2,0.5,1,3569,0.1106,0.0091,0.0002,-3.2895,24.858,1.1895193698762256,0.4246575342465753,0.0017641996105928117,1556.4155997839916,0.35
654,SPX,1555.25,SPX130921C01900000,,call,2013-09-21,2013-04-19,1900.0,0.32,0.15,0.35,1,61,0.1207,0.0063,0.0001,-2.5766,17.868,1.2216685420350426,0.4246575342465753,0.0020943608463948084,1556.6338330417404,0.25
655,SPX,1555.25,SPXQ130930C01475000,,call,2013-09-30,2013-04-19,1475.0,105.85,103.7,108.9,10,135,0.1385,0.7362,0.0023,-55.4988,340.0115,0.9484005786850989,0.44931506849315067,0.0030168563103949633,1557.3596004030378,106.30000000000001
656,SPX,1555.25,SPXQ130930P01500000,,put,2013-09-30,2013-04-19,1500.0,48.51,45.2,48.5,1,3086,0.1764,-0.3534,0.002,-74.5672,386.7172,0.9644751647645073,0.44931506849315067,0.0029288246926012576,1557.2980019249535,46.85
657,SPX,1555.25,SPXQ130930C01525000,,call,2013-09-30,2013-04-19,1525.0,68.76,69.9,73.9,1,2184,0.1327,0.6101,0.0028,-61.613,399.136,0.9805497508439158,0.44931506849315067,0.0028280485398665435,1557.227488687935,71.9
658,SPX,1555.25,SPXQ130930C01550000,,call,2013-09-30,2013-04-19,1550.0,56.15,54.7,58.4,12,3062,0.1277,0.5386,0.003,-61.1114,413.1097,0.9966243369233242,0.44931506849315067,0.0027824488654523433,1557.195583571216,56.55
659,SPX,1555.25,SPXQ130930C01575000,,call,2013-09-30,2013-04-19,1575.0,41.45,41.5,44.9,2,391,0.1238,0.4618,0.0031,-59.0213,413.1435,1.0126989230027328,0.44931506849315067,0.002709836000642496,1557.144779252288,43.2
660,SPX,1555.25,SPXQ130930P01575000,,put,2013-09-30,2013-04-19,1575.0,80.15,73.2,78.3,4,340,0.1593,-0.5213,0.0024,-71.3114,414.4575,1.0126989230027328,0.44931506849315067,0.0027021321400359267,1557.1393892662272,75.75
661,SPX,1555.25,SPX131221P00500000,,put,2013-12-21,2013-04-19,500.0,0.2,0.05,0.3,750,33640,0.4648,-0.0008,0.0,-1.1406,3.3092,0.3214917215881691,0.673972602739726,-0.004970887629370951,1550.0482544340418,0.175
662,SPX,1555.25,SPX131221P00700000,,put,2013-12-21,2013-04-19,700.0,0.75,0.2,0.75,900,34945,0.3704,-0.0027,0.0,-2.8724,10.4704,0.45008841022343676,0.673972602739726,0.002166408414738988,1557.5224790167708,0.475
663,SPX,1555.25,SPX131221P00750000,,put,2013-12-21,2013-04-19,750.0,1.0,0.4,1.15,400,23605,0.3617,-0.0045,0.0,-4.4717,16.6984,0.48223758238225367,0.673972602739726,0.0032935517365381833,1558.7061218627848,0.7749999999999999
664,SPX,1555.25,SPX131221P00800000,,put,2013-12-21,2013-04-19,800.0,1.45,0.95,1.35,1,20867,0.3522,-0.0071,0.0,-6.543,25.1021,0.5143867545410705,0.673972602739726,0.003621996602018153,1559.051199670254,1.15
665,SPX,1555.25,SPX131221P01000000,,put,2013-12-21,2013-04-19,1000.0,3.3,3.5,4.5,301,47462,0.2957,-0.0256,0.0002,-16.573,75.8945,0.6429834431763382,0.673972602739726,0.0033033807421174455,1558.7164475152529,4.0
666,SPX,1555.25,SPX131221P01050000,,put,2013-12-21,2013-04-19,1050.0,6.1,5.1,6.6,1,31098,0.2875,-0.0365,0.0002,-21.6496,102.0419,0.6751326153351551,0.673972602739726,0.0036405628100956433,1559.0707083801694,5.85
667,SPX,1555.25,SPX131221P01150000,,put,2013-12-21,2013-04-19,1150.0,10.8,8.9,11.2,96,34631,0.2611,-0.0635,0.0004,-30.5382,158.7819,0.7394309596527889,0.673972602739726,0.0033564925380541524,1558.7722441647177,10.05
668,SPX,1555.25,SPX131221P01200000,,put,2013-12-21,2013-04-19,1200.0,14.4,11.9,14.5,1,58278,0.2488,-0.0834,0.0005,-35.8122,195.6387,0.7715801318116059,0.673972602739726,0.0032927288513501067,1558.7052574013796,13.2
669,SPX,1555.25,SPX131221C01275000,,call,2013-12-21,2013-04-19,1275.0,275.36,277.0,284.5,5,5768,0.1146,0.9854,0.0003,-7.4801,47.0954,0.8198038900498312,0.673972602739726,0.0030499063331192264,1558.4501872354326,280.75
670,SPX,1555.25,SPX131221P01275000,,put,2013-12-21,2013-04-19,1275.0,21.05,18.2,21.4,70,19018,0.2311,-0.1244,0.0007,-44.3804,261.5987,0.8198038900498312,0.673972602739726,0.0031374743541434276,1558.542167259515,19.799999999999997
671,SPX,1555.25,SPX131221P01300000,,put,2013-12-21,2013-04-19,1300.0,22.0,21.0,24.4,757,57045,0.2255,-0.1418,0.0008,-47.3486,286.2856,0.8358784761292397,0.673972602739726,0.0031110888222137013,1558.514451754791,22.7
672,SPX,1555.25,SPX131221C01400000,,call,2013-12-21,2013-04-19,1400.0,174.0,171.4,178.6,3,51073,0.1434,0.8338,0.0014,-37.0384,318.0418,0.9001768204468735,0.673972602739726,0.0029919539000385006,1558.3893179279337,175.0
673,SPX,1555.25,SPX131221P01400000,,put,2013-12-21,2013-04-19,1400.0,39.2,37.3,40.6,1270,77315,0.2042,-0.2348,0.0012,-58.375,391.6765,0.9001768204468735,0.673972602739726,0.0029818659066553482,1558.3787224264258,38.95
674,SPX,1555.25,SPX131221P01450000,,put,2013-12-21,2013-04-19,1450.0,54.5,48.9,52.4,503,31132,0.1938,-0.2973,0.0014,-62.2268,441.5066,0.9323259926056904,0.673972602739726,0.0028808822824664543,1558.2726624743623,50.65
675,SPX,1555.25,SPX131221P01475000,,put,2013-12-21,2013-04-19,1475.0,56.7,57.0,59.5,13,12966,0.1901,-0.3337,0.0015,-63.9853,463.795,0.9484005786850989,0.673972602739726,0.002830126809985716,1558.2193583097794,58.25
676,SPX,1555.25,SPX131221C01500000,,call,2013-12-21,2013-04-19,1500.0,101.0,99.4,104.8,750,50987,0.1395,0.6516,0.0021,-51.4528,471.4713,0.9644751647645073,0.673972602739726,0.0028108042876715464,1558.1990659839196,102.1
677,SPX,1555.25,SPX131221P01500000,,put,2013-12-21,2013-04-19,1500.0,65.0,63.7,67.5,770,46512,0.184,-0.3716,0.0016,-64.2029,482.1058,0.9644751647645073,0.673972602739726,0.002831972532921813,1558.221296683964,65.6
678,SPX,1555.25,SPX131221C01525000,,call,2013-12-21,2013-04-19,1525.0,84.9,83.7,88.9,1,7871,0.1364,0.598,0.0022,-52.3878,493.2438,0.9805497508439158,0.673972602739726,0.002787448405147188,1558.1745382149788,86.30000000000001
679,SPX,1555.25,SPX131221C01550000,,call,2013-12-21,2013-04-19,1550.0,71.5,69.1,72.8,1951,29029,0.1317,0.5408,0.0024,-51.7101,506.0082,0.9966243369233242,0.673972602739726,0.002745636449127769,1558.1306292993743,70.94999999999999
680,SPX,1555.25,SPX131221P01550000,,put,2013-12-21,2013-04-19,1550.0,85.0,82.8,87.0,2152,23353,0.1754,-0.4568,0.0018,-63.7758,505.6982,0.9966243369233242,0.673972602739726,0.0027814161296377295,1558.168203331489,84.9
681,SPX,1555.25,SPX131221C01575000,,call,2013-12-21,2013-04-19,1575.0,57.0,55.9,59.3,500,15977,0.1285,0.4803,0.0024,-50.4771,508.0565,1.0126989230027328,0.673972602739726,0.0027347319651799783,1558.119178135516,57.599999999999994
682,SPX,1555.25,SPX131221C01600000,,call,2013-12-21,2013-04-19,1600.0,46.3,44.2,47.3,1600,41005,0.1257,0.4185,0.0024,-48.2474,498.034,1.028773509082141,0.673972602739726,0.0026890384670804936,1558.0711947777593,45.75
683,SPX,1555.25,SPX131221P01600000,,put,2013-12-21,2013-04-19,1600.0,112.05,105.9,111.7,4,1953,0.1676,-0.5494,0.0019,-60.2602,504.7703,1.028773509082141,0.673972602739726,0.0027003225283218357,1558.0830441850421,108.80000000000001
684,SPX,1555.25,SPX131221C01650000,,call,2013-12-21,2013-04-19,1650.0,26.45,25.6,28.0,350,27672,0.1188,0.2948,0.0023,-40.0661,439.8196,1.060922681240958,0.673972602739726,0.002631868769127632,1558.0111621889484,26.8
685,SPX,1555.25,SPX131221P01700000,,put,2013-12-21,2013-04-19,1700.0,180.6,173.7,180.3,2,42,0.1672,-0.7147,0.0016,-50.2972,433.1274,1.093071853399775,0.673972602739726,0.0025510241135434514,1557.926273018233,177.0
686,SPX,1555.25,SPX131221C01750000,,call,2013-12-21,2013-04-19,1750.0,7.0,6.5,7.4,700,10727,0.11,0.107,0.0013,-19.6792,235.0889,1.125221025558592,0.673972602739726,0.002499651656479706,1557.8723328913823,6.95
687,SPX,1555.25,SPX131221C01775000,,call,2013-12-21,2013-04-19,1775.0,4.95,4.7,5.1,122,2538,0.1097,0.0802,0.0011,-15.8284,189.8929,1.1412956116380004,0.673972602739726,0.0025079862952963623,1557.881083980595,4.9
688,SPX,1555.25,SPX131221C01800000,,call,2013-12-21,2013-04-19,1800.0,3.5,3.0,3.9,218,48366,0.1097,0.0595,0.0008,-12.5541,150.8156,1.1573701977174087,0.673972602739726,0.0025137967630159477,1557.8871848045032,3.45
689,SPX,1555.25,SPX131221C01825000,,call,2013-12-21,2013-04-19,1825.0,2.65,2.05,2.6,691,225,0.1094,0.0429,0.0007,-9.648,116.3579,1.1734447837968172,0.673972602739726,0.002394328543733961,1557.761751416272,2.325
690,SPX,1555.25,SPX131221C01850000,,call,2013-12-21,2013-04-19,1850.0,1.85,1.5,1.95,541,1962,0.1112,0.0331,0.0005,-7.9142,94.0104,1.1895193698762256,0.673972602739726,0.002485943798456954,1557.8579402104203,1.725
691,SPX,1555.25,SPX131221C01875000,,call,2013-12-21,2013-04-19,1875.0,1.4,1.05,1.35,86,1,0.1114,0.0238,0.0004,-6.0226,71.4784,1.2055939559556341,0.673972602739726,0.0024119760889624543,1557.7802794855183,1.2000000000000002
692,SPX,1555.25,SPX131221C01900000,,call,2013-12-21,2013-04-19,1900.0,1.05,0.65,1.1,402,15328,0.112,0.0172,0.0003,-4.6061,54.4214,1.2216685420350426,0.673972602739726,0.0022100206643174405,1557.5682606664118,0.875
693,SPX,1555.25,SPX131221C01925000,,call,2013-12-21,2013-04-19,1925.0,0.64,0.55,0.85,84,1,0.1148,0.0139,0.0002,-3.9267,45.3002,1.237743128114451,0.673972602739726,0.0022228024366844797,1557.5816784962792,0.7
694,SPX,1555.25,SPX131221C02000000,,call,2013-12-21,2013-04-19,2000.0,0.25,0.15,0.45,1683,16285,0.1191,0.0061,0.0001,-1.9668,21.9126,1.2859668863526763,0.673972602739726,0.002483587802337109,1557.8554665258457,0.3
695,SPX,1555.25,SPX131221C02250000,,call,2013-12-21,2013-04-19,2250.0,0.05,0.0,0.2,21,18206,0.1191,0.0001,0.0,-0.046,0.514,1.446712747146761,0.673972602739726,0.0013097759889268267,1556.6235079539838,0.1
696,SPX,1555.25,SPX131221C02500000,,call,2013-12-21,2013-04-19,2500.0,0.05,0.0,0.15,10,542,0.1191,0.0,0.0,-0.0005,0.0052,1.6074586079408455,0.673972602739726,-inf,0.0,0.075
697,SPX,1555.25,SPX131221C03000000,,call,2013-12-21,2013-04-19,3000.0,0.03,0.0,0.1,11,430,0.1191,0.0,0.0,0.0,0.0,1.9289503295290147,0.673972602739726,-inf,0.0,0.05
698,SPX,1555.25,SPXQ131231C01525000,,call,2013-12-31,2013-04-19,1525.0,86.4,84.3,88.8,1,9,0.134,0.5982,0.0022,-50.5303,503.149,0.9805497508439158,0.7013698630136986,0.0028085084028678427,1558.3165556188485,86.55
699,SPX,1555.25,SPXQ131231C01575000,,call,2013-12-31,2013-04-19,1575.0,59.1,57.2,60.8,500,8006,0.1285,0.4818,0.0024,-49.5279,518.4008,1.0126989230027328,0.7013698630136986,0.002733448021419711,1558.234520063784,59.0
700,SPX,1555.25,SPXQ131231C01650000,,call,2013-12-31,2013-04-19,1650.0,27.3,26.4,30.7,25,16917,0.1203,0.3022,0.0022,-40.2398,453.7476,1.060922681240958,0.7013698630136986,0.002662834131830996,1558.157348144441,28.549999999999997
701,SPX,1555.25,SPXQ131231C01900000,,call,2013-12-31,2013-04-19,1900.0,1.3,1.3,1.7,4,28,0.1198,0.0269,0.0004,-7.0291,80.7849,1.2216685420350426,0.7013698630136986,0.0024295463814571648,1557.9024217410654,1.5
702,SPX,1555.25,SPXQ131231C02000000,,call,2013-12-31,2013-04-19,2000.0,0.6,0.45,0.6,11,1,0.1257,0.0101,0.0002,-3.194,35.0806,1.2859668863526763,0.7013698630136986,0.0020903934183170176,1557.5318849663652,0.525
703,SPX,1555.25,SPX140118P01300000,,put,2014-01-18,2013-04-19,1300.0,27.0,24.0,27.7,120,8534,0.224,-0.1509,0.0008,-46.402,315.0873,0.8358784761292397,0.7506849315068493,0.0030589393850672005,1558.8254236637715,25.85
704,SPX,1555.25,SPX140118P01350000,,put,2014-01-18,2013-04-19,1350.0,34.6,32.1,35.2,1000,3598,0.2142,-0.1929,0.0009,-51.7867,368.5701,0.8680276482880566,0.7506849315068493,0.002929695957699454,1558.6741920531617,33.650000000000006
705,SPX,1555.25,SPX140118P01375000,,put,2014-01-18,2013-04-19,1375.0,38.2,36.6,39.8,200,2421,0.2092,-0.217,0.001,-54.179,395.3427,0.884102234367465,0.7506849315068493,0.0029286202039740493,1558.6729333430349,38.2
706,SPX,1555.25,SPX140118P01400000,,put,2014-01-18,2013-04-19,1400.0,43.9,41.4,45.0,400,14051,0.2038,-0.2431,0.0011,-56.1659,421.3497,0.9001768204468735,0.7506849315068493,0.002941447960513339,1558.6879428176974,43.2
707,SPX,1555.25,SPX140118P01425000,,put,2014-01-18,2013-04-19,1425.0,48.0,47.0,50.8,2,5171,0.1988,-0.2721,0.0012,-57.9857,446.7177,0.9162514065262819,0.7506849315068493,0.0028816673159656886,1558.617996038301,48.9
708,SPX,1555.25,SPX140118P01475000,,put,2014-01-18,2013-04-19,1475.0,63.6,60.9,64.8,160,5855,0.1897,-0.3382,0.0014,-60.6978,492.1162,0.9484005786850989,0.7506849315068493,0.0028177868234139335,1558.5432556710039,62.849999999999994
709,SPX,1555.25,SPX140118C01500000,,call,2014-01-18,2013-04-19,1500.0,101.8,103.7,107.6,5,17112,0.1388,0.6475,0.002,-48.8188,499.8066,0.9644751647645073,0.7506849315068493,0.0028312252811501966,1558.5589784090546,105.65
710,SPX,1555.25,SPX140118P01500000,,put,2014-01-18,2013-04-19,1500.0,75.2,69.3,73.1,50,17678,0.1855,-0.375,0.0015,-61.3954,510.3611,0.9644751647645073,0.7506849315068493,0.002831053242924691,1558.5587771266248,71.19999999999999
711,SPX,1555.25,SPX140118C01550000,,call,2014-01-18,2013-04-19,1550.0,74.55,73.7,77.3,126,7368,0.133,0.5418,0.0022,-49.5456,533.9705,0.9966243369233242,0.7506849315068493,0.0027644705998178393,1558.4808782739485,75.5
712,SPX,1555.25,SPX140118C01700000,,call,2014-01-18,2013-04-19,1700.0,17.0,16.4,19.0,1000,7771,0.1168,0.2092,0.0018,-31.0301,386.9568,1.093071853399775,0.7506849315068493,0.0026403055885708595,1558.335620906581,17.7
713,SPX,1555.25,SPX140118C01775000,,call,2014-01-18,2013-04-19,1775.0,6.7,5.9,6.7,1,1552,0.1103,0.0942,0.0011,-17.0412,226.1126,1.1412956116380004,0.7506849315068493,0.0025268183971639087,1558.2028670809405,6.300000000000001
714,SPX,1555.25,SPX140118C01800000,,call,2014-01-18,2013-04-19,1800.0,4.8,4.2,4.9,5,28383,0.1102,0.0717,0.0009,-13.8432,184.1079,1.1573701977174087,0.7506849315068493,0.0025071289909049926,1558.179836170423,4.550000000000001
715,SPX,1555.25,SPX140118C01900000,,call,2014-01-18,2013-04-19,1900.0,1.45,1.05,1.5,388,29,0.1125,0.0235,0.0004,-5.7038,74.6336,1.2216685420350426,0.7506849315068493,0.0024748518818686824,1558.1420820248318,1.275
716,SPX,1555.25,SPX140322P01150000,,put,2014-03-22,2013-04-19,1150.0,16.4,14.1,20.2,1010,505,0.2565,-0.087,0.0004,-32.476,236.3724,0.7394309596527889,0.9232876712328767,0.0030472898970444542,1559.6318964532807,17.15
717,SPX,1555.25,SPX140322P01325000,,put,2014-03-22,2013-04-19,1325.0,39.7,36.8,43.0,540,9,0.2241,-0.1937,0.0008,-48.9064,409.9716,0.8519530622086481,0.9232876712328767,0.002938746339175506,1559.4756027663707,39.9
718,SPX,1555.25,SPX140322P01425000,,put,2014-03-22,2013-04-19,1425.0,65.0,58.7,65.3,100,26,0.2057,-0.2896,0.0011,-55.5792,510.6833,0.9162514065262819,0.9232876712328767,0.00282820849635914,1559.316453571939,62.0
719,SPX,1555.25,SPX140322P01450000,,put,2014-03-22,2013-04-19,1450.0,68.4,65.8,72.5,200,5208,0.2014,-0.3183,0.0012,-56.6525,532.7241,0.9323259926056904,0.9232876712328767,0.002851300055277492,1559.3496987896087,69.15
720,SPX,1555.25,SPX140322C01525000,,call,2014-03-22,2013-04-19,1525.0,98.3,96.0,103.5,261,1725,0.1386,0.5923,0.0019,-45.8676,579.5926,0.9805497508439158,0.9232876712328767,0.0027969115196364285,1559.2713960388733,99.75
721,SPX,1555.25,SPX140322C01550000,,call,2014-03-22,2013-04-19,1550.0,88.1,81.8,89.4,1702,37635,0.1363,0.5441,0.0019,-45.8897,591.9472,0.9966243369233242,0.9232876712328767,0.0027612623926187817,1559.2200744018833,85.6
722,SPX,1555.25,SPX140322P01550000,,put,2014-03-22,2013-04-19,1550.0,107.1,101.7,109.8,580,9738,0.186,-0.4512,0.0014,-57.4214,591.1378,0.9966243369233242,0.9232876712328767,0.002777542889008437,1559.243512121814,105.75
723,SPX,1555.25,SPX140322C01575000,,call,2014-03-22,2013-04-19,1575.0,70.0,69.0,76.6,100,4648,0.1344,0.4946,0.002,-45.3632,595.5377,1.0126989230027328,0.9232876712328767,0.0027424120405969647,1559.1929375078034,72.8
724,SPX,1555.25,SPX140322C01600000,,call,2014-03-22,2013-04-19,1600.0,59.0,56.9,62.9,333,5393,0.1305,0.443,0.002,-43.4879,589.4989,1.028773509082141,0.9232876712328767,0.0027379382033186576,1559.1864970582574,59.9
725,SPX,1555.25,SPX140322C01625000,,call,2014-03-22,2013-04-19,1625.0,47.1,46.6,53.5,100,2343,0.13,0.3941,0.002,-42.0838,574.4773,1.0448480951615495,0.9232876712328767,0.002720369113070595,1559.1612051933903,50.05
726,SPX,1555.25,SPX140322C01675000,,call,2014-03-22,2013-04-19,1675.0,31.0,28.8,35.4,150,1787,0.1237,0.2933,0.0019,-35.659,513.7333,1.0769972673203665,0.9232876712328767,0.002686160823655601,1559.1119612803102,32.1
727,SPX,1555.25,SPX140322C01750000,,call,2014-03-22,2013-04-19,1750.0,17.0,12.8,17.4,1000,5551,0.1185,0.1691,0.0014,-24.8945,376.4721,1.125221025558592,0.9232876712328767,0.0026493701602062283,1559.059001694087,15.1
728,SPX,1555.25,SPX140322C01775000,,call,2014-03-22,2013-04-19,1775.0,11.5,9.5,13.5,2,0,0.1176,0.1375,0.0013,-21.505,328.219,1.1412956116380004,0.9232876712328767,0.0026290105463477086,1559.029695120689,11.5
729,SPX,1555.25,SPX140322C01800000,,call,2014-03-22,2013-04-19,1800.0,8.7,7.2,8.8,4,6000,0.1136,0.1034,0.0011,-16.9752,268.5089,1.1573701977174087,0.9232876712328767,0.0025919213849805523,1558.9763086757969,8.0
730,SPX,1555.25,SPX140322C01900000,,call,2014-03-22,2013-04-19,1900.0,2.8,2.3,3.2,1000,2110,0.1151,0.0415,0.0005,-8.4468,132.5045,1.2216685420350426,0.9232876712328767,0.0025748671576955864,1558.9517612938996,2.75
731,SPX,1555.25,SPX140621P01250000,,put,2014-06-21,2013-04-19,1250.0,40.0,34.0,42.7,2,5591,0.2376,-0.1608,0.0006,-40.888,410.8372,0.8037293039704227,1.1726027397260275,0.002922745488352387,1560.5893272173691,38.35
732,SPX,1555.25,SPX140621P01450000,,put,2014-06-21,2013-04-19,1450.0,91.0,82.7,90.3,2,14998,0.208,-0.3306,0.001,-52.5077,609.8593,0.9323259926056904,1.1726027397260275,0.0027912130559893424,1560.3486478301586,86.5
733,SPX,1555.25,SPX140621C01550000,,call,2014-06-21,2013-04-19,1550.0,98.0,94.4,102.2,601,8529,0.1351,0.5471,0.0017,-40.5593,666.655,0.9966243369233242,1.1726027397260275,0.0027543262207420753,1560.28115858712,98.30000000000001
734,SPX,1555.25,SPX140621P01550000,,put,2014-06-21,2013-04-19,1550.0,125.0,123.3,129.6,601,6388,0.1969,-0.4453,0.0012,-53.6493,665.018,0.9966243369233242,1.1726027397260275,0.002741632462599782,1560.2579343874952,126.44999999999999
735,SPX,1555.25,SPX140621C01575000,,call,2014-06-21,2013-04-19,1575.0,82.35,81.7,89.2,1,2986,0.1351,0.5036,0.0018,-40.6728,671.3202,1.0126989230027328,1.1726027397260275,0.002761341990063655,1560.2939946210406,85.45
736,SPX,1555.25,SPX140621P01575000,,put,2014-06-21,2013-04-19,1575.0,143.75,132.4,141.6,1,2155,0.1924,-0.4764,0.0012,-52.6314,670.1768,1.0126989230027328,1.1726027397260275,0.0027694586955499534,1560.308845056757,137.0
737,SPX,1555.25,SPX140621C01600000,,call,2014-06-21,2013-04-19,1600.0,71.95,69.8,77.8,13,5121,0.1351,0.4607,0.0017,-40.3302,668.082,1.028773509082141,1.1726027397260275,0.002755512610727092,1560.2833291958366,73.8
738,SPX,1555.25,SPX140621C01650000,,call,2014-06-21,2013-04-19,1650.0,50.7,49.0,56.8,1,5629,0.1318,0.3743,0.0017,-37.3626,637.715,1.060922681240958,1.1726027397260275,0.002740754444160826,1560.2563279985113,52.9
739,SPX,1555.25,SPX140621P01650000,,put,2014-06-21,2013-04-19,1650.0,186.35,176.9,183.5,1,55,0.1896,-0.5674,0.0012,-50.6337,661.7315,1.060922681240958,1.1726027397260275,0.0027367306384041973,1560.2489662184191,180.2
740,SPX,1555.25,SPX140621C01750000,,call,2014-06-21,2013-04-19,1750.0,22.0,19.9,28.1,2,3611,0.1238,0.2149,0.0014,-26.8508,491.5755,1.125221025558592,1.1726027397260275,0.0026858290144613434,1560.155841818921,24.0
741,SPX,1555.25,SPX140621C02250000,,call,2014-06-21,2013-04-19,2250.0,0.55,0.05,0.75,15,66,0.1244,0.004,0.0001,-1.0756,19.9331,1.446712747146761,1.1726027397260275,0.0025274174012614283,1559.8660637142725,0.4
742,SPX,1555.25,SPX140621C02500000,,call,2014-06-21,2013-04-19,2500.0,0.4,0.0,0.55,29,104,0.1244,0.0003,0.0,-0.099,1.8406,1.6074586079408455,1.1726027397260275,0.0028250725229401136,1560.4106006804302,0.275
743,SPX,1555.25,SPX141220P00100000,,put,2014-12-20,2013-04-19,100.0,0.05,0.0,0.05,2,19105,0.3194,0.0,0.0,0.0,0.0,0.06429834431763382,1.6712328767123288,inf,inf,0.025
744,SPX,1555.25,SPX141220P00200000,,put,2014-12-20,2013-04-19,200.0,0.25,0.2,0.25,100,62801,0.5538,-0.0006,0.0,-0.7166,4.3403,0.12859668863526763,1.6712328767123288,0.0068589990583340366,1573.1803784877818,0.225
745,SPX,1555.25,SPX141220P00300000,,put,2014-12-20,2013-04-19,300.0,0.45,0.45,0.65,17,8165,0.4854,-0.0016,0.0,-1.5168,10.4918,0.19289503295290147,1.6712328767123288,0.004367521445628492,1566.6435268493624,0.55
746,SPX,1555.25,SPX141220P00350000,,put,2014-12-20,2013-04-19,350.0,1.6,0.65,1.15,550,1030,0.4647,-0.0026,0.0,-2.2504,16.2677,0.22504420511171838,1.6712328767123288,0.004071627472483588,1565.869001026163,0.8999999999999999
747,SPX,1555.25,SPX141220P00500000,,put,2014-12-20,2013-04-19,500.0,2.5,1.5,2.85,2,5141,0.3992,-0.0068,0.0,-4.5361,38.2339,0.3214917215881691,1.6712328767123288,0.0033136306717296143,1563.886631015511,2.175
748,SPX,1555.25,SPX141220P01300000,,put,2014-12-20,2013-04-19,1300.0,74.0,67.1,75.4,250,19011,0.2345,-0.2241,0.0006,-41.066,601.2773,0.8358784761292397,1.6712328767123288,0.0028087098273936496,1562.5675170669108,71.25
749,SPX,1555.25,SPX141220P01350000,,put,2014-12-20,2013-04-19,1350.0,84.8,80.4,88.4,500,22273,0.2282,-0.2601,0.0007,-43.1987,651.8848,0.8680276482880566,1.6712328767123288,0.002785134023653501,1562.50595209095,84.4
750,SPX,1555.25,SPX141220P01500000,,put,2014-12-20,2013-04-19,1500.0,142.7,132.7,142.2,1,19016,0.2129,-0.3875,0.0009,-47.0185,769.566,0.9644751647645073,1.6712328767123288,0.0027674182251466277,1562.4596913106457,137.45
751,SPX,1555.25,SPX141220C01550000,,call,2014-12-20,2013-04-19,1550.0,118.0,114.4,121.5,100,7518,0.1399,0.5536,0.0014,-35.3485,794.4216,0.9966243369233242,1.6712328767123288,0.0027743860777532693,1562.4778861102498,117.95
752,SPX,1555.25,SPX141220P01550000,,put,2014-12-20,2013-04-19,1550.0,160.0,156.5,164.8,663,7416,0.2095,-0.4345,0.0009,-47.302,790.8308,0.9966243369233242,1.6712328767123288,0.0027593269108814114,1562.4385631385471,160.65
753,SPX,1555.25,SPX141220C01700000,,call,2014-12-20,2013-04-19,1700.0,56.1,51.8,61.1,2,10179,0.1338,0.344,0.0014,-30.9653,739.5694,1.093071853399775,1.6712328767123288,0.0027357530182905206,1562.3770082335495,56.45
754,SPX,1555.25,SPX141220C02000000,,call,2014-12-20,2013-04-19,2000.0,8.3,5.1,8.3,4,17386,0.1207,0.0662,0.0005,-9.604,258.2806,1.2859668863526763,1.6712328767123288,0.002721693339544043,1562.3402974964138,6.7
755,SPX,1555.25,SPX141220C02100000,,call,2014-12-20,2013-04-19,2100.0,4.54,2.8,5.9,6,9916,0.1272,0.043,0.0004,-7.1693,183.623,1.3502652306703102,1.6712328767123288,0.0026671206998770177,1562.1978129507859,4.35
756,SPX,1555.25,SPX141220C02500000,,call,2014-12-20,2013-04-19,2500.0,0.65,0.55,0.75,38,2746,0.1434,0.0073,0.0001,-1.7662,40.4345,1.6074586079408455,1.6712328767123288,0.0028362828414622236,1562.639523286612,0.65
757,SPX,1555.25,SPX141220C03000000,,call,2014-12-20,2013-04-19,3000.0,0.15,0.15,0.25,29,3944,0.1702,0.0021,0.0,-0.6998,13.5571,1.9289503295290147,1.6712328767123288,0.0017277956550788686,1559.747350466221,0.2
758,SPX,1555.25,SPX151219P00100000,,put,2015-12-19,2013-04-19,100.0,0.3,0.25,0.35,30,2040,0.6086,-0.0005,0.0,-0.5557,4.8979,0.06429834431763382,2.6684931506849314,0.012350560288830276,1607.360977872013,0.3
759,SPX,1555.25,SPX151219P00200000,,put,2015-12-19,2013-04-19,200.0,1.0,1.0,1.05,642,40664,0.5152,-0.0021,0.0,-1.5926,16.6088,0.12859668863526763,2.6684931506849314,0.0015258697926759934,1561.5955351216608,1.025
760,SPX,1555.25,SPX151219P00300000,,put,2015-12-19,2013-04-19,300.0,1.65,1.5,1.75,40,1856,0.4375,-0.0038,0.0,-2.3264,28.614,0.19289503295290147,2.6684931506849314,0.002522343731219262,1565.7534743405351,1.625
761,SPX,1555.25,SPX151219P00500000,,put,2015-12-19,2013-04-19,500.0,5.0,4.5,4.8,81,3211,0.3565,-0.0121,0.0,-5.2862,80.0589,0.3214917215881691,2.6684931506849314,0.0030920961695259097,1568.135825939695,4.65
762,SPX,1555.25,SPX151219P00850000,,put,2015-12-19,2013-04-19,850.0,26.0,22.2,30.2,4,245,0.2944,-0.0652,0.0002,-17.4664,322.8273,0.5465359266998875,2.6684931506849314,0.002849800536494189,1567.1222531008768,26.2
763,SPX,1555.25,SPX151219P01000000,,put,2015-12-19,2013-04-19,1000.0,46.5,42.2,50.3,150,554,0.2759,-0.1109,0.0003,-24.2378,480.257,0.6429834431763382,2.6684931506849314,0.0027886620442135676,1566.8666016463546,46.25
764,SPX,1555.25,SPX151219C01200000,,call,2015-12-19,2013-04-19,1200.0,369.6,363.1,375.1,28,33,0.1103,0.9419,0.0004,-9.1348,295.0488,0.7715801318116059,2.6684931506849314,0.002811810771314669,1566.9633934638296,369.1
765,SPX,1555.25,SPX151219P01200000,,put,2015-12-19,2013-04-19,1200.0,91.1,84.7,91.8,1,1344,0.2548,-0.1979,0.0004,-32.6579,706.575,0.7715801318116059,2.6684931506849314,0.0028110436596873387,1566.9601858427104,88.25
766,SPX,1555.25,SPX151219P01350000,,put,2015-12-19,2013-04-19,1350.0,136.5,130.1,139.3,400,1250,0.2418,-0.2828,0.0006,-37.352,859.0138,0.8680276482880566,2.6684931506849314,0.002772818472405982,1566.800358335287,134.7
767,SPX,1555.25,SPX151219P01400000,,put,2015-12-19,2013-04-19,1400.0,152.5,149.1,156.9,100,2711,0.2375,-0.3141,0.0006,-38.3496,901.1469,0.9001768204468735,2.6684931506849314,0.0027935390300667003,1566.8869932996133,153.0
768,SPX,1555.25,SPX151219P01500000,,put,2015-12-19,2013-04-19,1500.0,194.7,190.9,199.8,450,6564,0.2302,-0.3806,0.0007,-39.5754,967.488,0.9644751647645073,2.6684931506849314,0.0027753721779966295,1566.8110354045896,195.35000000000002
769,SPX,1555.25,SPX151219C01550000,,call,2015-12-19,2013-04-19,1550.0,149.3,148.6,156.6,100,3716,0.1431,0.5647,0.0011,-28.8405,999.8334,0.9966243369233242,2.6684931506849314,0.002763854620557669,1566.762880954574,152.6
770,SPX,1555.25,SPX151219P01550000,,put,2015-12-19,2013-04-19,1550.0,224.0,215.3,224.2,100,2927,0.2275,-0.415,0.0007,-39.8341,990.0994,0.9966243369233242,2.6684931506849314,0.002755580376128587,1566.7282875809087,219.75
771,SPX,1555.25,SPX151219C03000000,,call,2015-12-19,2013-04-19,3000.0,0.6,0.55,0.7,4,468,0.1497,0.0056,0.0,-1.1667,40.7644,1.9289503295290147,2.6684931506849314,0.0025550239772592805,1565.890024977689,0.625
772,SPX,1555.25,SPX151219P03000000,,put,2015-12-19,2013-04-19,3000.0,1499.05,1491.7,1503.7,4,20,0.348,-0.8048,0.0003,-38.0904,700.6431,1.9289503295290147,2.6684931506849314,0.0026732751946221683,1566.3842235580894,1497.7
