,UnderlyingSymbol,UnderlyingPrice,OptionSymbol,OptionExt,Type,Expiration,DataDate,Strike,Last,Bid,Ask,Volume,OpenInterest,IV,Delta,Gamma,Theta,Vega,m,tau,InterestR,ForwardP,Mid
0,SPX,2705.6,SPX181116C01000000,,call,2018-11-16,2018-10-25,1000.0,1713.0,1684.8,1693.1,1650,31793,0.1583,0.9985,0.0,45.6075,0.0,0.3696037847427558,0.06027397260273973,-14.612296792596451,1121.405178541483,1688.9499999999998
1,SPX,2705.6,SPX181116P01000000,,put,2018-11-16,2018-10-25,1000.0,0.1,0.0,0.1,1650,34815,1.2932,-0.0004,0.0,-10.9103,0.9863,0.3696037847427558,0.06027397260273973,0.3111856168544018,2756.8262054804886,0.05
2,SPX,2705.6,SPX181116P01050000,,put,2018-11-16,2018-10-25,1050.0,0.1,0.0,0.1,3,13,1.2322,-0.0004,0.0,-10.8766,1.0319,0.3880839739798936,0.06027397260273973,0.3646319033425486,2765.721420495305,0.05
3,SPX,2705.6,SPX181116P01100000,,put,2018-11-16,2018-10-25,1100.0,0.1,0.0,0.15,29,20346,1.2133,-0.0007,0.0,-15.4164,1.4854,0.40656416321703137,0.06027397260273973,0.11989451667785223,2725.2228864844774,0.075
4,SPX,2705.6,SPX181116P01150000,,put,2018-11-16,2018-10-25,1150.0,0.1,0.0,0.1,248,168,1.1185,-0.0005,0.0,-10.804,1.1292,0.42504435245416916,0.06027397260273973,0.17113518186594567,2733.652689571802,0.05
5,SPX,2705.6,SPX181116P01200000,,put,2018-11-16,2018-10-25,1200.0,0.1,0.0,0.1,90,2334,1.0653,-0.0005,0.0,-10.7646,1.1813,0.44352454169130695,0.06027397260273973,0.22228982250573126,2742.094350261171,0.05
6,SPX,2705.6,SPX181116P01250000,,put,2018-11-16,2018-10-25,1250.0,0.15,0.1,0.15,70,1990,0.2447,0.0,0.0,0.0,0.0,0.46200473092844474,0.06027397260273973,inf,inf,0.125
7,SPX,2705.6,SPX181116P01300000,,put,2018-11-16,2018-10-25,1300.0,0.15,0.05,0.2,7,22115,0.2447,0.0,0.0,0.0,0.0,0.48048492016558253,0.06027397260273973,inf,inf,0.125
8,SPX,2705.6,SPX181116P01350000,,put,2018-11-16,2018-10-25,1350.0,0.2,0.05,0.15,336,36057,0.2447,0.0,0.0,0.0,0.0,0.4989651094027203,0.06027397260273973,inf,inf,0.1
9,SPX,2705.6,SPX181116P01375000,,put,2018-11-16,2018-10-25,1375.0,0.15,0.1,0.15,28,6088,0.2447,0.0,0.0,0.0,0.0,0.5082052040212892,0.06027397260273973,inf,inf,0.125
10,SPX,2705.6,SPX181116P01400000,,put,2018-11-16,2018-10-25,1400.0,0.2,0.1,0.2,10,48293,0.2447,0.0,0.0,0.0,0.0,0.5174452986398581,0.06027397260273973,inf,inf,0.15000000000000002
11,SPX,2705.6,SPX181116P01425000,,put,2018-11-16,2018-10-25,1425.0,0.15,0.1,0.3,17,7006,0.2447,0.0,0.0,0.0,0.0,0.526685393258427,0.06027397260273973,inf,inf,0.2
12,SPX,2705.6,SPX181116P01475000,,put,2018-11-16,2018-10-25,1475.0,0.22,0.1,0.3,130,5940,0.2447,0.0,0.0,0.0,0.0,0.5451655824955648,0.06027397260273973,inf,inf,0.2
13,SPX,2705.6,SPX181116P01500000,,put,2018-11-16,2018-10-25,1500.0,0.2,0.15,0.35,305,20796,0.2447,0.0,0.0,0.0,0.0,0.5544056771141337,0.06027397260273973,inf,inf,0.25
14,SPX,2705.6,SPX181116P01525000,,put,2018-11-16,2018-10-25,1525.0,0.24,0.25,0.35,160,6929,0.2447,0.0,0.0,0.0,0.0,0.5636457717327026,0.06027397260273973,inf,inf,0.3
15,SPX,2705.6,SPX181116P01550000,,put,2018-11-16,2018-10-25,1550.0,0.25,0.2,0.4,1686,34045,0.2447,0.0,0.0,0.0,0.0,0.5728858663512715,0.06027397260273973,inf,inf,0.30000000000000004
16,SPX,2705.6,SPX181116P01575000,,put,2018-11-16,2018-10-25,1575.0,0.3,0.25,0.4,1000,6513,0.2447,0.0,0.0,0.0,0.0,0.5821259609698404,0.06027397260273973,inf,inf,0.325
17,SPX,2705.6,SPX181116P01600000,,put,2018-11-16,2018-10-25,1600.0,0.32,0.25,0.35,40,20057,0.2447,0.0,0.0,0.0,0.0,0.5913660555884093,0.06027397260273973,inf,inf,0.3
18,SPX,2705.6,SPX181116P01625000,,put,2018-11-16,2018-10-25,1625.0,0.3,0.3,0.45,520,9607,0.2447,0.0,0.0,0.0,0.0,0.6006061502069782,0.06027397260273973,inf,inf,0.375
19,SPX,2705.6,SPX181116P01675000,,put,2018-11-16,2018-10-25,1675.0,0.35,0.3,0.5,177,4829,0.2447,0.0,0.0,0.0,0.0,0.619086339444116,0.06027397260273973,inf,inf,0.4
20,SPX,2705.6,SPX181116P01700000,,put,2018-11-16,2018-10-25,1700.0,0.45,0.35,0.55,128,38345,0.2447,0.0,0.0,0.0,0.0,0.6283264340626848,0.06027397260273973,inf,inf,0.45
21,SPX,2705.6,SPX181116P01800000,,put,2018-11-16,2018-10-25,1800.0,0.5,0.45,0.65,500,13935,0.2447,0.0,0.0,0.0,0.0,0.6652868125369604,0.06027397260273973,inf,inf,0.55
22,SPX,2705.6,SPX181116C01850000,,call,2018-11-16,2018-10-25,1850.0,847.85,837.5,844.3,2,11,0.1583,0.9985,0.0,24.7224,0.0,0.6837670017740982,0.06027397260273973,-4.40580778041758,2074.5995803017436,840.9
23,SPX,2705.6,SPX181116C01900000,,call,2018-11-16,2018-10-25,1900.0,786.27,786.4,794.5,1,97,0.1583,0.9985,0.0,23.4939,0.0,0.702247191011236,0.06027397260273973,-3.9633573174635397,2130.6698392288176,790.45
24,SPX,2705.6,SPX181116P01900000,,put,2018-11-16,2018-10-25,1900.0,0.65,0.65,0.85,86,8681,0.2447,0.0,0.0,0.0,0.0,0.702247191011236,0.06027397260273973,inf,inf,0.75
25,SPX,2705.6,SPX181116P01920000,,put,2018-11-16,2018-10-25,1920.0,1.0,0.75,0.95,85,904,0.2447,0.0,0.0,0.0,0.0,0.7096392667060911,0.06027397260273973,inf,inf,0.85
26,SPX,2705.6,SPX181116C01950000,,call,2018-11-16,2018-10-25,1950.0,743.36,737.9,744.7,1,129,0.1583,0.9985,0.0,22.2654,0.0,0.7207273802483738,0.06027397260273973,-3.532400383954897,2186.7400981558917,741.3
27,SPX,2705.6,SPX181116C02000000,,call,2018-11-16,2018-10-25,2000.0,715.35,687.7,694.6,3501,37970,0.1583,0.9985,0.0,21.0368,0.0,0.7392075694855116,0.06027397260273973,-3.112354933306452,2242.8103570829658,691.1500000000001
28,SPX,2705.6,SPX181116P02000000,,put,2018-11-16,2018-10-25,2000.0,1.05,1.0,1.1,7146,60737,0.2447,0.0,0.0,-0.001,0.0005,0.7392075694855116,0.06027397260273973,inf,inf,1.05
29,SPX,2705.6,SPX181116P02025000,,put,2018-11-16,2018-10-25,2025.0,1.05,1.1,1.35,258,4963,0.2447,0.0,0.0,-0.0029,0.0014,0.7484476641040805,0.06027397260273973,inf,inf,1.225
30,SPX,2705.6,SPX181116P02050000,,put,2018-11-16,2018-10-25,2050.0,1.4,1.25,1.45,129,2959,0.2447,0.0,0.0,-0.008,0.0038,0.7576877587226494,0.06027397260273973,inf,inf,1.35
31,SPX,2705.6,SPX181116P02080000,,put,2018-11-16,2018-10-25,2080.0,1.6,1.4,1.6,1,700,0.2447,0.0,0.0,-0.0247,0.0118,0.768775872264932,0.06027397260273973,inf,inf,1.5
32,SPX,2705.6,SPX181116P02090000,,put,2018-11-16,2018-10-25,2090.0,1.55,1.45,1.7,189,1290,0.2447,0.0,0.0,-0.0353,0.0169,0.7724719101123596,0.06027397260273973,inf,inf,1.575
33,SPX,2705.6,SPX181116P02100000,,put,2018-11-16,2018-10-25,2100.0,1.3,1.55,1.75,1088,18114,0.2447,0.0,0.0,-0.0502,0.024,0.7761679479597872,0.06027397260273973,inf,inf,1.65
34,SPX,2705.6,SPX181116P02110000,,put,2018-11-16,2018-10-25,2110.0,1.65,1.6,1.8,101,1073,0.2447,0.0,0.0,-0.0707,0.0338,0.7798639858072147,0.06027397260273973,inf,inf,1.7000000000000002
35,SPX,2705.6,SPX181116P02125000,,put,2018-11-16,2018-10-25,2125.0,1.45,1.7,1.9,51,1722,0.2447,0.0,0.0,-0.1165,0.0556,0.7854080425783561,0.06027397260273973,inf,inf,1.7999999999999998
36,SPX,2705.6,SPX181116P02130000,,put,2018-11-16,2018-10-25,2130.0,1.55,1.75,1.95,250,1069,0.2447,0.0,0.0,-0.1371,0.0655,0.7872560615020698,0.06027397260273973,inf,inf,1.85
37,SPX,2705.6,SPX181116P02140000,,put,2018-11-16,2018-10-25,2140.0,1.45,1.8,2.0,1,1296,0.2447,0.0,0.0,-0.1887,0.0901,0.7909520993494974,0.06027397260273973,inf,inf,1.9
38,SPX,2705.6,SPX181116P02150000,,put,2018-11-16,2018-10-25,2150.0,1.85,1.9,2.1,1483,12324,0.2447,0.0,0.0,-0.2576,0.123,0.794648137196925,0.06027397260273973,inf,inf,2.0
39,SPX,2705.6,SPX181116P02160000,,put,2018-11-16,2018-10-25,2160.0,2.0,1.95,2.15,1,2592,0.2447,-0.0001,0.0,-0.3491,0.1667,0.7983441750443525,0.06027397260273973,-0.05968553999689476,2695.884132479712,2.05
40,SPX,2705.6,SPX181116P02175000,,put,2018-11-16,2018-10-25,2175.0,2.35,2.1,2.3,289,6881,0.2447,-0.0001,0.0,-0.5431,0.2593,0.8038882318154938,0.06027397260273973,0.05513089810625915,2714.6055500663765,2.2
41,SPX,2705.6,SPX181116P02200000,,put,2018-11-16,2018-10-25,2200.0,2.0,2.3,2.55,540,15121,0.2447,-0.0002,0.0,-1.0932,0.522,0.8131283264340627,0.06027397260273973,0.06639925297324638,2716.4499052335555,2.425
42,SPX,2705.6,SPX181116P02215000,,put,2018-11-16,2018-10-25,2215.0,3.2,2.5,2.7,10,441,0.2447,-0.0003,0.0,-1.6281,0.7774,0.8186723832052041,0.06027397260273973,0.07102260344668435,2717.206997563874,2.6
43,SPX,2705.6,SPX181116P02225000,,put,2018-11-16,2018-10-25,2225.0,2.15,2.6,2.8,426,10376,0.2447,-0.0004,0.0,-2.1048,1.0049,0.8223684210526316,0.06027397260273973,0.06719620356035298,2716.580394065187,2.7
44,SPX,2705.6,SPX181116P02230000,,put,2018-11-16,2018-10-25,2230.0,3.4,2.65,2.85,7,895,0.2447,-0.0005,0.0,-2.3869,1.1396,0.8242164399763454,0.06027397260273973,0.04237409481406372,2712.5190833875195,2.75
45,SPX,2705.6,SPX181116P02250000,,put,2018-11-16,2018-10-25,2250.0,2.3,2.9,3.2,3678,12506,0.2447,-0.0008,0.0,-3.881,1.8529,0.8316085156712005,0.06027397260273973,0.05633104606102746,2714.8019254499914,3.05
46,SPX,2705.6,SPX181116P02255000,,put,2018-11-16,2018-10-25,2255.0,3.8,3.0,3.2,9,1129,0.2447,-0.0009,0.0,-4.3641,2.0836,0.8334565345949143,0.06027397260273973,0.05875476322406541,2715.1985518571596,3.1
47,SPX,2705.6,SPX181116P02275000,,put,2018-11-16,2018-10-25,2275.0,4.0,3.3,3.5,31,2296,0.2447,-0.0015,0.0,-6.8629,3.2766,0.8408486102897694,0.06027397260273973,0.05210801051653194,2714.1109900720444,3.4
48,SPX,2705.6,SPX181116P02280000,,put,2018-11-16,2018-10-25,2280.0,3.8,3.4,3.6,30,870,0.2447,-0.0017,0.0,-7.654,3.6543,0.8426966292134832,0.06027397260273973,0.049970621662445286,2713.761356613878,3.5
49,SPX,2705.6,SPX181116P02285000,,put,2018-11-16,2018-10-25,2285.0,3.9,3.4,3.7,50,2657,0.2447,-0.002,0.0,-8.5226,4.0689,0.844544648137197,0.06027397260273973,0.03559374121755661,2711.410760705735,3.55
50,SPX,2705.6,SPX181116P02295000,,put,2018-11-16,2018-10-25,2295.0,4.1,3.6,3.9,61,731,0.2447,-0.0025,0.0,-10.5161,5.0206,0.8482406859846245,0.06027397260273973,0.03714924120229643,2711.664984093552,3.75
51,SPX,2705.6,SPX181116P02300000,,put,2018-11-16,2018-10-25,2300.0,3.5,3.8,4.0,956,17662,0.2447,-0.0028,0.0001,-11.6537,5.5637,0.8500887049083383,0.06027397260273973,0.03666990407718282,2711.586641013365,3.9
52,SPX,2705.6,SPX181116P02310000,,put,2018-11-16,2018-10-25,2310.0,4.7,3.9,4.2,8,867,0.2447,-0.0035,0.0001,-14.2442,6.8004,0.8537847427557659,0.06027397260273973,0.03540667568477937,2711.380189226119,4.05
53,SPX,2705.6,SPX181116P02325000,,put,2018-11-16,2018-10-25,2325.0,3.2,4.3,4.6,431,2893,0.2447,-0.0048,0.0001,-19.0261,9.0833,0.8593287995269072,0.06027397260273973,0.03621273858936312,2711.5119237845765,4.449999999999999
54,SPX,2705.6,SPX181116P02330000,,put,2018-11-16,2018-10-25,2330.0,5.2,4.4,4.7,7,829,0.2447,-0.0053,0.0001,-20.8894,9.9728,0.861176818450621,0.06027397260273973,0.037669017432344146,2711.749939117629,4.550000000000001
55,SPX,2705.6,SPX181116P02345000,,put,2018-11-16,2018-10-25,2345.0,4.3,4.8,5.1,30,687,0.2447,-0.0072,0.0001,-27.3981,13.08,0.8667208752217623,0.06027397260273973,0.03600312106759407,2711.477665455752,4.949999999999999
56,SPX,2705.6,SPX181116P02350000,,put,2018-11-16,2018-10-25,2350.0,3.9,4.9,5.3,101,12416,0.2447,-0.008,0.0001,-29.9012,14.275,0.8685688941454761,0.06027397260273973,0.033254552987721606,2711.028499974721,5.1
57,SPX,2705.6,SPX181116P02370000,,put,2018-11-16,2018-10-25,2370.0,5.75,5.5,5.9,27,696,0.2447,-0.0117,0.0002,-41.8005,19.9554,0.8759609698403312,0.06027397260273973,0.03224814787765186,2710.8640538813547,5.7
58,SPX,2705.6,SPX181116P02375000,,put,2018-11-16,2018-10-25,2375.0,4.45,5.7,6.1,62,3740,0.2447,-0.0128,0.0002,-45.2876,21.6201,0.877808988764045,0.06027397260273973,0.03271348038126019,2710.9400877406606,5.9
59,SPX,2705.6,SPX181116P02380000,,put,2018-11-16,2018-10-25,2380.0,6.5,5.9,6.3,5,731,0.2447,-0.014,0.0002,-48.9953,23.39,0.8796570076877588,0.06027397260273973,0.03277985301269273,2710.9509329924913,6.1
60,SPX,2705.6,SPX181116P02385000,,put,2018-11-16,2018-10-25,2385.0,7.69,6.0,6.4,3,606,0.2447,-0.0154,0.0002,-52.9311,25.2688,0.8815050266114726,0.06027397260273973,0.030082669118727003,2710.5102495534165,6.2
61,SPX,2705.6,SPX181116P02400000,,put,2018-11-16,2018-10-25,2400.0,6.8,6.7,7.1,1329,27185,0.2447,-0.0199,0.0003,-66.1764,31.5917,0.8870490833826139,0.06027397260273973,0.03061434160858568,2710.5971119921373,6.9
62,SPX,2705.6,SPX181116C02405000,,call,2018-11-16,2018-10-25,2405.0,291.05,289.8,295.8,10,0,0.1583,0.9975,0.0,8.1433,2.1706,0.8888971023063277,0.06027397260273973,-0.15656600772455898,2680.1877389119522,292.8
63,SPX,2705.6,SPX181116C02410000,,call,2018-11-16,2018-10-25,2410.0,286.3,285.0,291.0,10,0,0.1583,0.9973,0.0,7.4875,2.5637,0.8907451212300415,0.06027397260273973,-0.1381537065539983,2683.1638155521155,288.0
64,SPX,2705.6,SPX181116P02410000,,put,2018-11-16,2018-10-25,2410.0,7.8,7.1,7.5,1,947,0.2447,-0.0236,0.0003,-76.2674,36.4086,0.8907451212300415,0.06027397260273973,0.02851660787118204,2710.2544091587993,7.3
65,SPX,2705.6,SPX181116P02415000,,put,2018-11-16,2018-10-25,2415.0,7.6,7.3,7.8,495,1134,0.2447,-0.0256,0.0004,-81.707,39.0053,0.8925931401537552,0.06027397260273973,0.028314599879381435,2710.2214097785727,7.55
66,SPX,2705.6,SPX181116P02420000,,put,2018-11-16,2018-10-25,2420.0,7.8,7.6,8.0,251,881,0.2447,-0.0278,0.0004,-87.4152,41.7301,0.894441159077469,0.06027397260273973,0.027104131191491316,2710.023679897621,7.8
67,SPX,2705.6,SPX181116P02425000,,put,2018-11-16,2018-10-25,2425.0,5.87,7.8,8.3,231,3169,0.2447,-0.0301,0.0004,-93.3952,44.5846,0.8962891780011828,0.06027397260273973,0.026630267679825837,2709.9462782922224,8.05
68,SPX,2705.6,SPX181116P02435000,,put,2018-11-16,2018-10-25,2435.0,9.9,8.4,8.8,5,2173,0.2447,-0.0351,0.0005,-106.1804,50.6876,0.8999852158486104,0.06027397260273973,0.026423792179241793,2709.91255295327,8.600000000000001
69,SPX,2705.6,SPX181116P02440000,,put,2018-11-16,2018-10-25,2440.0,6.45,8.7,9.1,37,2482,0.2447,-0.0379,0.0005,-112.9884,53.9374,0.9018332347723241,0.06027397260273973,0.025546774126614793,2709.7693070707323,8.899999999999999
70,SPX,2705.6,SPX181116P02450000,,put,2018-11-16,2018-10-25,2450.0,7.2,9.3,9.8,2695,15331,0.2447,-0.044,0.0006,-127.435,60.8333,0.9055292726197517,0.06027397260273973,0.02408237479956869,2709.530139391197,9.55
71,SPX,2705.6,SPX181116P02455000,,put,2018-11-16,2018-10-25,2455.0,9.9,9.7,10.1,120,806,0.2447,-0.0473,0.0006,-135.0706,64.4781,0.9073772915434655,0.06027397260273973,0.023593061506324075,2709.450228787286,9.899999999999999
72,SPX,2705.6,SPX181116P02460000,,put,2018-11-16,2018-10-25,2460.0,10.6,10.0,10.4,452,1393,0.2447,-0.0508,0.0007,-142.9774,68.2523,0.9092253104671792,0.06027397260273973,0.022991625197892416,2709.3520104076706,10.2
73,SPX,2705.6,SPX181116P02465000,,put,2018-11-16,2018-10-25,2465.0,10.6,10.4,10.8,97,614,0.2447,-0.0544,0.0007,-151.1512,72.1539,0.911073329390893,0.06027397260273973,0.023253437725458504,2709.394765623249,10.600000000000001
74,SPX,2705.6,SPX181116P02470000,,put,2018-11-16,2018-10-25,2470.0,10.2,10.8,11.2,231,1269,0.2447,-0.0583,0.0007,-159.5867,76.1805,0.9129213483146068,0.06027397260273973,0.022581050126347032,2709.2849629285147,11.0
75,SPX,2705.6,SPX181116P02475000,,put,2018-11-16,2018-10-25,2475.0,8.85,11.2,11.6,68,7381,0.2447,-0.0624,0.0008,-168.2775,80.3289,0.9147693672383206,0.06027397260273973,0.02197306911778196,2709.1856818333968,11.399999999999999
76,SPX,2705.6,SPX181116P02480000,,put,2018-11-16,2018-10-25,2480.0,8.8,11.6,12.0,109,5258,0.2447,-0.0667,0.0008,-177.2161,84.5955,0.9166173861620344,0.06027397260273973,0.021462481157819572,2709.102307480744,11.8
77,SPX,2705.6,SPX181116P02485000,,put,2018-11-16,2018-10-25,2485.0,10.67,12.0,12.5,96,1759,0.2447,-0.0712,0.0008,-186.3936,88.9762,0.9184654050857481,0.06027397260273973,0.021073559309460404,2709.038801814983,12.25
78,SPX,2705.6,SPX181116P02490000,,put,2018-11-16,2018-10-25,2490.0,11.29,12.4,12.9,3497,504,0.2447,-0.076,0.0009,-195.8,93.4661,0.9203134240094619,0.06027397260273973,0.020126055228781362,2708.8840934737295,12.65
79,SPX,2705.6,SPX181116P02495000,,put,2018-11-16,2018-10-25,2495.0,11.43,12.9,13.4,192,707,0.2447,-0.0809,0.0009,-205.4242,98.06,0.9221614429331757,0.06027397260273973,0.020058367715658037,2708.87304180365,13.15
80,SPX,2705.6,SPX181116P02500000,,put,2018-11-16,2018-10-25,2500.0,11.3,13.4,13.9,13171,26111,0.2447,-0.0861,0.001,-215.2538,102.752,0.9240094618568895,0.06027397260273973,0.01951035037113091,2708.7835660018345,13.65
81,SPX,2705.6,SPX181116P02505000,,put,2018-11-16,2018-10-25,2505.0,15.1,13.9,14.4,30,613,0.2447,-0.0916,0.001,-225.2754,107.5355,0.9258574807806033,0.06027397260273973,0.01856933369244677,2708.629931368944,14.15
82,SPX,2705.6,SPX181116P02510000,,put,2018-11-16,2018-10-25,2510.0,13.75,14.4,15.0,21,1715,0.2447,-0.0972,0.0011,-235.4741,112.4036,0.927705499704317,0.06027397260273973,0.018467032727963458,2708.613229776609,14.7
83,SPX,2705.6,SPX181116P02515000,,put,2018-11-16,2018-10-25,2515.0,14.3,15.0,15.6,2,401,0.2447,-0.1031,0.0011,-245.8342,117.3488,0.9295535186280308,0.06027397260273973,0.01800572641933978,2708.5379184725202,15.3
84,SPX,2705.6,SPX181116P02520000,,put,2018-11-16,2018-10-25,2520.0,11.78,15.6,16.1,395,945,0.2447,-0.1093,0.0012,-256.3387,122.3629,0.9314015375517446,0.06027397260273973,0.017243851547233183,2708.4135419486734,15.850000000000001
85,SPX,2705.6,SPX181116C02525000,,call,2018-11-16,2018-10-25,2525.0,184.48,181.8,183.5,10,10,0.1583,0.9643,0.0007,-59.0355,49.5351,0.9332495564754584,0.06027397260273973,0.003828679914523559,2706.224442679395,182.65
86,SPX,2705.6,SPX181116P02525000,,put,2018-11-16,2018-10-25,2525.0,12.4,16.2,16.8,1173,7880,0.2447,-0.1157,0.0012,-266.9697,127.4373,0.9332495564754584,0.06027397260273973,0.016740837789663694,2708.331427785251,16.5
87,SPX,2705.6,SPX181116C02530000,,call,2018-11-16,2018-10-25,2530.0,194.2,177.4,179.1,232,18,0.1583,0.9602,0.0008,-65.6958,54.3549,0.9350975753991722,0.06027397260273973,0.004466072276644407,2706.3284128666337,178.25
88,SPX,2705.6,SPX181116P02530000,,put,2018-11-16,2018-10-25,2530.0,14.98,16.8,17.4,159,2779,0.2447,-0.1223,0.0013,-277.7082,132.5631,0.9350975753991722,0.06027397260273973,0.01647638263806447,2708.2882579694124,17.1
89,SPX,2705.6,SPX181116C02535000,,call,2018-11-16,2018-10-25,2535.0,165.2,173.1,174.8,15,15,0.1583,0.9557,0.0009,-72.7623,59.4741,0.9369455943228859,0.06027397260273973,0.004865200170631228,2706.3935198566664,173.95
90,SPX,2705.6,SPX181116P02535000,,put,2018-11-16,2018-10-25,2535.0,15.58,17.4,18.0,17,388,0.2447,-0.1292,0.0013,-288.5342,137.7307,0.9369455943228859,0.06027397260273973,0.01595727194258641,2708.203520032561,17.7
91,SPX,2705.6,SPX181116P02540000,,put,2018-11-16,2018-10-25,2540.0,15.95,18.1,18.7,79,1255,0.2447,-0.1364,0.0014,-299.4269,142.9301,0.9387936132465997,0.06027397260273973,0.015215397394883378,2708.0824234530464,18.4
92,SPX,2705.6,SPX181116P02545000,,put,2018-11-16,2018-10-25,2545.0,15.7,18.8,19.4,99,794,0.2447,-0.1438,0.0014,-310.3645,148.151,0.9406416321703135,0.06027397260273973,0.014715956189285038,2708.0009024474502,19.1
93,SPX,2705.6,SPX181116C02550000,,call,2018-11-16,2018-10-25,2550.0,184.7,160.2,161.9,23,431,0.1583,0.9397,0.0011,-96.3663,76.6031,0.9424896510940273,0.06027397260273973,0.0056618908982767335,2706.523483222791,161.05
94,SPX,2705.6,SPX181116P02550000,,put,2018-11-16,2018-10-25,2550.0,19.5,19.5,20.1,4258,25407,0.2447,-0.1514,0.0015,-321.3247,153.3827,0.9424896510940273,0.06027397260273973,0.014433645825812167,2707.9548235851903,19.8
95,SPX,2705.6,SPX181116C02555000,,call,2018-11-16,2018-10-25,2555.0,180.3,156.0,157.6,10,1,0.1583,0.9335,0.0012,-105.007,82.882,0.944337670017741,0.06027397260273973,0.005996709097394925,2706.5781036451854,156.8
96,SPX,2705.6,SPX181116P02555000,,put,2018-11-16,2018-10-25,2555.0,14.7,20.2,20.9,15,696,0.2447,-0.1593,0.0015,-332.2844,158.6142,0.944337670017741,0.06027397260273973,0.01393340652027079,2707.873176159408,20.549999999999997
97,SPX,2705.6,SPX181116P02560000,,put,2018-11-16,2018-10-25,2560.0,17.6,21.0,21.7,287,3706,0.2447,-0.1674,0.0016,-343.2199,163.8342,0.9461856889414548,0.06027397260273973,0.013628923780974956,2707.823480686297,21.35
98,SPX,2705.6,SPX181116P02565000,,put,2018-11-16,2018-10-25,2565.0,16.5,21.8,22.5,78,617,0.2447,-0.1758,0.0016,-354.1068,169.0311,0.9480337078651686,0.06027397260273973,0.013109654176357576,2707.738731356619,22.15
99,SPX,2705.6,SPX181116P02570000,,put,2018-11-16,2018-10-25,2570.0,18.92,22.7,23.4,123,2914,0.2447,-0.1845,0.0017,-364.9208,174.1932,0.9498817267888824,0.06027397260273973,0.012385939971051179,2707.6206193090266,23.049999999999997
100,SPX,2705.6,SPX181116C02575000,,call,2018-11-16,2018-10-25,2575.0,142.9,139.4,141.0,29,388,0.1583,0.9035,0.0016,-142.971,110.5019,0.9517297457125962,0.06027397260273973,0.006003652690193914,2706.5792363968662,140.2
101,SPX,2705.6,SPX181116P02575000,,put,2018-11-16,2018-10-25,2575.0,19.95,23.6,24.3,1796,9613,0.2447,-0.1934,0.0017,-375.6367,179.3087,0.9517297457125962,0.06027397260273973,0.011827928170155651,2707.529553844097,23.950000000000003
102,SPX,2705.6,SPX181116P02580000,,put,2018-11-16,2018-10-25,2580.0,20.63,24.5,25.2,680,11713,0.2447,-0.2025,0.0018,-386.2295,184.3654,0.9535777646363099,0.06027397260273973,0.011409225537694922,2707.461225132229,24.85
103,SPX,2705.6,SPX181116C02585000,,call,2018-11-16,2018-10-25,2585.0,134.7,131.3,132.8,58,4,0.1583,0.8852,0.0019,-163.6105,125.5316,0.9554257835600237,0.06027397260273973,0.0055952118038624515,2706.512605689123,132.05
104,SPX,2705.6,SPX181116P02585000,,put,2018-11-16,2018-10-25,2585.0,22.3,25.4,26.2,300,2403,0.2447,-0.2118,0.0018,-396.674,189.3514,0.9554257835600237,0.06027397260273973,0.011104579524889,2707.411510575308,25.799999999999997
105,SPX,2705.6,SPX181116C02590000,,call,2018-11-16,2018-10-25,2590.0,148.2,127.3,128.8,44,15,0.1583,0.8752,0.002,-174.221,133.2602,0.9572738024837375,0.06027397260273973,0.005371521480508238,2706.476114825646,128.05
106,SPX,2705.6,SPX181116P02590000,,put,2018-11-16,2018-10-25,2590.0,25.25,26.4,27.1,261,2820,0.2447,-0.2214,0.0019,-406.9449,194.2547,0.9572738024837375,0.06027397260273973,0.010554264836526491,2707.321708165831,26.75
107,SPX,2705.6,SPX181116P02595000,,put,2018-11-16,2018-10-25,2595.0,23.24,27.4,28.2,1333,1170,0.2447,-0.2312,0.0019,-417.017,199.0632,0.9591218214074513,0.06027397260273973,0.010086398867222079,2707.245362389455,27.799999999999997
108,SPX,2705.6,SPX181116C02600000,,call,2018-11-16,2018-10-25,2600.0,131.3,119.5,120.9,6,351,0.1583,0.8535,0.0022,-195.8055,148.984,0.9609698403311651,0.06027397260273973,0.00498293018030142,2706.4127246430953,120.2
109,SPX,2705.6,SPX181116P02600000,,put,2018-11-16,2018-10-25,2600.0,27.25,28.5,29.3,7559,45691,0.2447,-0.2412,0.0019,-426.8654,203.7651,0.9609698403311651,0.06027397260273973,0.009676519941168835,2707.1784806345822,28.9
110,SPX,2705.6,SPX181116P02605000,,put,2018-11-16,2018-10-25,2605.0,28.7,29.6,30.4,5,1321,0.2447,-0.2515,0.002,-436.4655,208.3486,0.9628178592548788,0.06027397260273973,0.008988166047151826,2707.0661626066076,30.0
111,SPX,2705.6,SPX181116C02610000,,call,2018-11-16,2018-10-25,2610.0,114.0,111.7,113.1,13,48,0.1583,0.8295,0.0024,-217.5473,164.8218,0.9646658781785926,0.06027397260273973,0.00459801519329173,2706.3499356344414,112.4
112,SPX,2705.6,SPX181116P02610000,,put,2018-11-16,2018-10-25,2610.0,24.3,30.7,31.5,4153,6132,0.2447,-0.2619,0.002,-445.7932,212.8022,0.9646658781785926,0.06027397260273973,0.008630029724898323,2707.0077276980446,31.1
113,SPX,2705.6,SPX181116P02615000,,put,2018-11-16,2018-10-25,2615.0,25.73,31.9,32.7,40,2940,0.2447,-0.2725,0.0021,-454.8247,217.1146,0.9665138971023064,0.06027397260273973,0.008259620167692553,2706.9472915679216,32.3
114,SPX,2705.6,SPX181116C02620000,,call,2018-11-16,2018-10-25,2620.0,117.9,104.1,105.5,247,235,0.1583,0.8031,0.0027,-239.0189,180.4585,0.9683619160260202,0.06027397260273973,0.003922493280497933,2706.2397450802728,104.8
115,SPX,2705.6,SPX181116P02620000,,put,2018-11-16,2018-10-25,2620.0,29.45,33.1,33.9,3788,5867,0.2447,-0.2833,0.0021,-463.5371,221.2749,0.9683619160260202,0.06027397260273973,0.007854437369263518,2706.88118337097,33.5
116,SPX,2705.6,SPX181116C02625000,,call,2018-11-16,2018-10-25,2625.0,102.65,100.4,101.8,12,136,0.1583,0.789,0.0028,-249.512,188.0972,0.970209934949734,0.06027397260273973,0.0034504168588240236,2706.1627430430403,101.1
117,SPX,2705.6,SPX181116P02625000,,put,2018-11-16,2018-10-25,2625.0,30.6,34.4,35.2,11503,23687,0.2447,-0.2943,0.0022,-471.908,225.2724,0.970209934949734,0.06027397260273973,0.007392137403249569,2706.805758110209,34.8
118,SPX,2705.6,SPX181116C02630000,,call,2018-11-16,2018-10-25,2630.0,99.1,96.7,98.1,11,100,0.1583,0.7745,0.0029,-259.7661,195.5593,0.9720579538734477,0.06027397260273973,0.0032938388647091622,2706.137203542325,97.4
119,SPX,2705.6,SPX181116P02630000,,put,2018-11-16,2018-10-25,2630.0,27.05,35.7,36.5,154,2211,0.2447,-0.3055,0.0022,-479.916,229.097,0.9720579538734477,0.06027397260273973,0.006850411598635208,2706.7173770227155,36.1
120,SPX,2705.6,SPX181116P02635000,,put,2018-11-16,2018-10-25,2635.0,37.5,37.0,37.8,92,3303,0.2447,-0.3169,0.0022,-487.5405,232.7387,0.9739059727971615,0.06027397260273973,0.006206866813525277,2706.612388196577,37.4
121,SPX,2705.6,SPX181116P02640000,,put,2018-11-16,2018-10-25,2640.0,32.5,38.4,39.2,4167,5771,0.2447,-0.3283,0.0023,-494.7621,236.1884,0.9757539917208753,0.06027397260273973,0.00599042509770974,2706.577078497459,38.8
122,SPX,2705.6,SPX181116P02645000,,put,2018-11-16,2018-10-25,2645.0,33.6,39.9,40.7,758,2430,0.2447,-0.34,0.0023,-501.5624,239.4372,0.9776020106445891,0.06027397260273973,0.0053395243309969885,2706.47089513353,40.3
123,SPX,2705.6,SPX181116C02650000,,call,2018-11-16,2018-10-25,2650.0,100.3,82.5,83.8,90,100,0.1583,0.711,0.0033,-297.2379,222.7905,0.9794500295683028,0.06027397260273973,0.0016761847604269374,2705.8733614271064,83.15
124,SPX,2705.6,SPX181116P02650000,,put,2018-11-16,2018-10-25,2650.0,36.0,41.4,42.2,10835,44819,0.2447,-0.3517,0.0023,-507.9241,242.477,0.9794500295683028,0.06027397260273973,0.005048792730771325,2706.423468575059,41.8
125,SPX,2705.6,SPX181116C02655000,,call,2018-11-16,2018-10-25,2655.0,88.6,79.1,80.4,54,158,0.1583,0.694,0.0034,-305.4415,228.7391,0.9812980484920166,0.06027397260273973,0.0012991321984966008,2705.811867214566,79.75
126,SPX,2705.6,SPX181116P02655000,,put,2018-11-16,2018-10-25,2655.0,32.7,42.9,43.9,49,12608,0.2447,-0.3636,0.0023,-513.8311,245.3001,0.9812980484920166,0.06027397260273973,0.004545478829737177,2706.341365787049,43.4
127,SPX,2705.6,SPX181116C02660000,,call,2018-11-16,2018-10-25,2660.0,67.0,75.7,77.0,1,81,0.1583,0.6766,0.0035,-313.0752,234.2675,0.9831460674157304,0.06027397260273973,0.0009143956682489806,2705.7491212497002,76.35
128,SPX,2705.6,SPX181116P02660000,,put,2018-11-16,2018-10-25,2660.0,35.65,44.6,45.6,479,7044,0.2447,-0.3756,0.0024,-519.2689,247.8996,0.9831460674157304,0.06027397260273973,0.004070234083439119,2706.2638440498285,45.1
129,SPX,2705.6,SPX181116C02665000,,call,2018-11-16,2018-10-25,2665.0,63.0,72.5,73.7,113,104,0.1583,0.6589,0.0035,-320.0924,239.3411,0.9849940863394442,0.06027397260273973,0.0006381390439106332,2705.704067968334,73.1
130,SPX,2705.6,SPX181116P02665000,,put,2018-11-16,2018-10-25,2665.0,42.0,46.2,47.3,973,1896,0.2447,-0.3877,0.0024,-524.2242,250.2691,0.9849940863394442,0.06027397260273973,0.0035925026813280296,2706.1859189283127,46.75
131,SPX,2705.6,SPX181116P02670000,,put,2018-11-16,2018-10-25,2670.0,41.6,48.0,49.1,61,2233,0.2447,-0.3999,0.0024,-528.6851,252.403,0.986842105263158,0.06027397260273973,0.0030823307710195307,2706.1027047532807,48.55
132,SPX,2705.6,SPX181116C02675000,,call,2018-11-16,2018-10-25,2675.0,66.5,66.1,67.3,8439,1084,0.1583,0.6224,0.0037,-332.1091,248.0009,0.9886901241868717,0.06027397260273973,-0.00020161338521505756,2705.5671216412743,66.69999999999999
133,SPX,2705.6,SPX181116P02675000,,put,2018-11-16,2018-10-25,2675.0,46.0,49.8,50.9,7382,9603,0.2447,-0.4121,0.0024,-532.6411,254.2963,0.9886901241868717,0.06027397260273973,0.0027662243397633297,2706.0511458956644,50.349999999999994
134,SPX,2705.6,SPX181116C02680000,,call,2018-11-16,2018-10-25,2680.0,76.4,63.0,64.2,259,599,0.1583,0.6038,0.0037,-337.0356,251.5334,0.9905381431105855,0.06027397260273973,-0.0005527871828044269,2705.5098544824864,63.6
135,SPX,2705.6,SPX181116P02680000,,put,2018-11-16,2018-10-25,2680.0,42.05,51.6,52.8,435,4775,0.2447,-0.4244,0.0024,-536.0835,255.9449,0.9905381431105855,0.06027397260273973,0.0023553970679418175,2705.9841389679914,52.2
136,SPX,2705.6,SPX181116C02685000,,call,2018-11-16,2018-10-25,2685.0,76.4,59.9,61.1,173,229,0.1583,0.5849,0.0038,-341.2003,254.5045,0.9923861620342993,0.06027397260273973,-0.0010619781939960656,2705.4268210482733,60.5
137,SPX,2705.6,SPX181116P02685000,,put,2018-11-16,2018-10-25,2685.0,41.8,53.6,54.7,3576,4008,0.2447,-0.4368,0.0025,-539.0048,257.3452,0.9923861620342993,0.06027397260273973,0.001821225891551797,2705.8970168305787,54.150000000000006
138,SPX,2705.6,SPX181116C02690000,,call,2018-11-16,2018-10-25,2690.0,60.1,56.9,58.1,1028,807,0.1583,0.5659,0.0038,-344.5792,256.8967,0.9942341809580131,0.06027397260273973,-0.001467164371816718,2705.3607494327102,57.5
139,SPX,2705.6,SPX181116P02690000,,put,2018-11-16,2018-10-25,2690.0,51.7,55.6,56.8,1135,2468,0.2447,-0.4492,0.0025,-541.3994,258.4945,0.9942341809580131,0.06027397260273973,0.0013867295585757826,2705.826153508395,56.2
140,SPX,2705.6,SPX181116C02695000,,call,2018-11-16,2018-10-25,2695.0,60.9,54.0,55.2,312,550,0.1583,0.5468,0.0038,-347.154,258.6964,0.9960821998817269,0.06027397260273973,-0.0018425950081353646,2705.2995313396905,54.6
141,SPX,2705.6,SPX181116P02695000,,put,2018-11-16,2018-10-25,2695.0,53.6,57.7,58.9,86,966,0.2437,-0.4616,0.0025,-541.0426,259.3873,0.9960821998817269,0.06027397260273973,0.0008714848666297702,2705.7421230970986,58.3
142,SPX,2705.6,SPX181116C02700000,,call,2018-11-16,2018-10-25,2700.0,52.1,51.2,52.4,4810,3051,0.1583,0.5276,0.0038,-348.9119,259.8944,0.9979302188054406,0.06027397260273973,-0.002260705870440435,2705.231355397008,51.8
143,SPX,2705.6,SPX181116P02700000,,put,2018-11-16,2018-10-25,2700.0,60.55,59.8,61.0,4622,45926,0.2423,-0.474,0.0025,-539.2679,260.0323,0.9979302188054406,0.06027397260273973,0.0006366694164059369,2705.703828296299,60.4
144,SPX,2705.6,SPX181116C02705000,,call,2018-11-16,2018-10-25,2705.0,51.3,48.5,49.5,122,535,0.1583,0.5083,0.0038,-349.8458,260.4857,0.9997782377291544,0.06027397260273973,-0.0027933280036583925,2705.1445100674687,49.0
145,SPX,2705.6,SPX181116P02705000,,put,2018-11-16,2018-10-25,2705.0,48.05,62.0,63.2,16,1307,0.241,-0.4867,0.0025,-537.1765,260.4239,0.9997782377291544,0.06027397260273973,1.1977839897227976e-05,2705.6019533140193,62.6
146,SPX,2705.6,SPX181116C02710000,,call,2018-11-16,2018-10-25,2710.0,57.3,45.8,46.8,68,215,0.1583,0.4891,0.0038,-349.9547,260.4695,1.0016262566528682,0.06027397260273973,-0.003189496125559502,2705.07991570323,46.3
147,SPX,2705.6,SPX181116P02710000,,put,2018-11-16,2018-10-25,2710.0,59.1,64.3,65.6,366,8852,0.2402,-0.4994,0.0025,-535.6496,260.5537,1.0016262566528682,0.06027397260273973,-0.0004173957059538311,2705.531933108043,64.94999999999999
148,SPX,2705.6,SPX181116C02715000,,call,2018-11-16,2018-10-25,2715.0,45.8,43.3,44.2,219,185,0.1583,0.47,0.0038,-349.2429,259.8492,1.003474275576582,0.06027397260273973,-0.0035209533076960946,2705.025873504275,43.75
149,SPX,2705.6,SPX181116P02715000,,put,2018-11-16,2018-10-25,2715.0,61.7,66.7,67.9,181,1837,0.239,-0.5122,0.0025,-532.6834,260.4159,1.003474275576582,0.06027397260273973,-0.0007939200419637173,2705.4705327923834,67.30000000000001
150,SPX,2705.6,SPX181116C02720000,,call,2018-11-16,2018-10-25,2720.0,45.7,40.7,41.6,932,472,0.1583,0.4509,0.0038,-347.7207,258.6325,1.0053222945002958,0.06027397260273973,-0.004020709027655731,2704.9443932318377,41.150000000000006
151,SPX,2705.6,SPX181116P02720000,,put,2018-11-16,2018-10-25,2720.0,69.8,69.1,70.4,116,4606,0.2381,-0.525,0.0026,-529.8319,260.0068,1.0053222945002958,0.06027397260273973,-0.001093010823424865,2705.4217606607435,69.75
152,SPX,2705.6,SPX181116C02725000,,call,2018-11-16,2018-10-25,2725.0,42.9,38.3,39.1,1112,9571,0.1583,0.432,0.0038,-345.4038,256.831,1.0071703134240095,0.06027397260273973,-0.004433903102318733,2704.8770278408333,38.7
153,SPX,2705.6,SPX181116P02725000,,put,2018-11-16,2018-10-25,2725.0,58.0,71.6,72.9,368,14010,0.2371,-0.538,0.0026,-526.2031,259.3211,1.0071703134240095,0.06027397260273973,-0.0017001090824919941,2705.322765073357,72.25
154,SPX,2705.6,SPX181116C02730000,,call,2018-11-16,2018-10-25,2730.0,36.2,35.9,36.7,197,132,0.1583,0.4133,0.0038,-342.313,254.4603,1.0090183323477233,0.06027397260273973,-0.004827448775343315,2704.8128674009527,36.3
155,SPX,2705.6,SPX181116P02730000,,put,2018-11-16,2018-10-25,2730.0,68.05,74.2,75.5,247,7280,0.2361,-0.5509,0.0026,-522.0203,258.3561,1.0090183323477233,0.06027397260273973,-0.001953088172363067,2705.281514478264,74.85
156,SPX,2705.6,SPX181116C02735000,,call,2018-11-16,2018-10-25,2735.0,38.8,33.6,34.4,304,665,0.1583,0.3948,0.0037,-338.4741,251.5395,1.010866351271437,0.06027397260273973,-0.005267723384902896,2704.741090464454,34.0
157,SPX,2705.6,SPX181116P02735000,,put,2018-11-16,2018-10-25,2735.0,69.55,76.8,78.2,55,3573,0.2351,-0.5639,0.0026,-517.2857,257.1092,1.010866351271437,0.06027397260273973,-0.0023710935670599696,2705.213356186533,77.5
158,SPX,2705.6,SPX181116C02740000,,call,2018-11-16,2018-10-25,2740.0,41.32,31.4,32.1,560,1384,0.1583,0.3765,0.0037,-333.9178,248.0912,1.0127143701951509,0.06027397260273973,-0.0058216102542046014,2704.6507942932444,31.75
159,SPX,2705.6,SPX181116P02740000,,put,2018-11-16,2018-10-25,2740.0,76.55,79.6,81.0,72,2236,0.2345,-0.5768,0.0025,-512.918,255.6006,1.0127143701951509,0.06027397260273973,-0.0029103367471035035,2705.1254318818146,80.3
160,SPX,2705.6,SPX181116C02745000,,call,2018-11-16,2018-10-25,2745.0,35.5,29.2,30.0,24,430,0.1583,0.3586,0.0036,-328.6786,244.1412,1.0145623891188646,0.06027397260273973,-0.006212371644430578,2704.587093102874,29.6
161,SPX,2705.6,SPX181116P02745000,,put,2018-11-16,2018-10-25,2745.0,66.05,82.4,83.8,18,8754,0.2336,-0.5897,0.0025,-507.3316,253.8002,1.0145623891188646,0.06027397260273973,-0.003197871169175196,2705.0785501869445,83.1
162,SPX,2705.6,SPX181116C02750000,,call,2018-11-16,2018-10-25,2750.0,30.9,27.1,27.9,3707,8996,0.1583,0.341,0.0035,-322.7951,239.7179,1.0164104080425784,0.06027397260273973,-0.006667641168153674,2704.51287780961,27.5
163,SPX,2705.6,SPX181116P02750000,,put,2018-11-16,2018-10-25,2750.0,77.05,85.3,86.7,4842,44973,0.2328,-0.6026,0.0025,-501.4486,251.73,1.0164104080425784,0.06027397260273973,-0.0036648489036806772,2705.0024124859474,86.0
164,SPX,2705.6,SPX181116C02755000,,call,2018-11-16,2018-10-25,2755.0,33.75,25.2,25.9,177,1039,0.1583,0.3238,0.0035,-316.3092,234.8523,1.0182584269662922,0.06027397260273973,-0.007069005201699395,2704.4474515534876,25.549999999999997
165,SPX,2705.6,SPX181116P02755000,,put,2018-11-16,2018-10-25,2755.0,72.65,88.3,89.8,58,9391,0.2324,-0.6152,0.0025,-495.9899,249.4319,1.0182584269662922,0.06027397260273973,-0.0040736302572086484,2704.9357650877096,89.05
166,SPX,2705.6,SPX181116C02760000,,call,2018-11-16,2018-10-25,2760.0,30.0,23.3,24.0,775,2968,0.1583,0.307,0.0034,-309.2659,229.5777,1.020106445890006,0.06027397260273973,-0.007466840773516185,2704.3826020330266,23.65
167,SPX,2705.6,SPX181116P02760000,,put,2018-11-16,2018-10-25,2760.0,73.9,91.4,92.9,55,7971,0.232,-0.6277,0.0025,-490.0478,246.8833,1.020106445890006,0.06027397260273973,-0.004481530041086066,2704.8692630566993,92.15
168,SPX,2705.6,SPX181116C02765000,,call,2018-11-16,2018-10-25,2765.0,24.55,21.5,22.2,187,1158,0.1583,0.2906,0.0033,-301.7122,223.9289,1.0219544648137198,0.06027397260273973,-0.007911139231381974,2704.3101806289583,21.85
169,SPX,2705.6,SPX181116P02765000,,put,2018-11-16,2018-10-25,2765.0,87.2,94.5,96.2,90,4639,0.2317,-0.64,0.0025,-483.8779,244.1068,1.0219544648137198,0.06027397260273973,-0.00483746455907786,2704.8112345300597,95.35
170,SPX,2705.6,SPX181116C02770000,,call,2018-11-16,2018-10-25,2770.0,25.1,19.8,20.5,126,651,0.1583,0.2746,0.0032,-293.6973,217.9422,1.0238024837374335,0.06027397260273973,-0.008452145228677406,2704.2219983500636,20.15
171,SPX,2705.6,SPX181116P02770000,,put,2018-11-16,2018-10-25,2770.0,81.55,97.8,99.5,47,2909,0.2315,-0.6521,0.0024,-477.5049,241.1178,1.0238024837374335,0.06027397260273973,-0.005205602403927784,2704.7512177868,98.65
172,SPX,2705.6,SPX181116C02775000,,call,2018-11-16,2018-10-25,2775.0,21.3,18.3,18.9,2326,20205,0.1583,0.2592,0.0031,-285.2719,211.655,1.0256505026611473,0.06027397260273973,-0.008742730967729428,2704.1746349740088,18.6
173,SPX,2705.6,SPX181116P02775000,,put,2018-11-16,2018-10-25,2775.0,90.0,101.1,102.9,728,25571,0.2314,-0.664,0.0024,-470.9556,237.9331,1.0256505026611473,0.06027397260273973,-0.005648880849112917,2704.6789527957117,102.0
174,SPX,2705.6,SPX181116C02780000,,call,2018-11-16,2018-10-25,2780.0,21.9,16.7,17.4,151,3682,0.1583,0.2442,0.003,-276.4873,205.1052,1.027498521584861,0.06027397260273973,-0.009208252957766293,2704.0987599818814,17.049999999999997
175,SPX,2705.6,SPX181116P02780000,,put,2018-11-16,2018-10-25,2780.0,101.15,104.6,106.4,445,4611,0.2314,-0.6756,0.0024,-464.2581,234.5709,1.027498521584861,0.06027397260273973,-0.005967152264480385,2704.627068131829,105.5
176,SPX,2705.6,SPX181116C02785000,,call,2018-11-16,2018-10-25,2785.0,17.78,15.3,15.9,351,2912,0.1583,0.2297,0.0029,-267.3954,198.3313,1.0293465405085749,0.06027397260273973,-0.009686924238176884,2704.020744019247,15.600000000000001
177,SPX,2705.6,SPX181116P02785000,,put,2018-11-16,2018-10-25,2785.0,91.75,108.2,109.9,177,3530,0.2314,-0.6871,0.0023,-457.1916,231.0233,1.0293465405085749,0.06027397260273973,-0.006519881422758139,2704.536964489344,109.05000000000001
178,SPX,2705.6,SPX181116C02790000,,call,2018-11-16,2018-10-25,2790.0,18.3,13.9,14.5,7346,3688,0.1583,0.2157,0.0028,-258.048,191.3713,1.0311945594322887,0.06027397260273973,-0.010208562139466274,2703.935727729648,14.2
179,SPX,2705.6,SPX181116P02790000,,put,2018-11-16,2018-10-25,2790.0,102.8,111.7,113.5,31,8932,0.2314,-0.6983,0.0023,-449.7784,227.3016,1.0311945594322887,0.06027397260273973,-0.006799540123162702,2704.4913768175634,112.6
180,SPX,2705.6,SPX181116C02795000,,call,2018-11-16,2018-10-25,2795.0,15.3,12.7,13.3,376,3933,0.1583,0.2023,0.0027,-248.4965,184.2633,1.0330425783560024,0.06027397260273973,-0.010572498612468468,2703.8764151245623,13.0
181,SPX,2705.6,SPX181116P02795000,,put,2018-11-16,2018-10-25,2795.0,112.25,115.5,117.3,65,1763,0.2314,-0.7093,0.0023,-442.041,223.4172,1.0330425783560024,0.06027397260273973,-0.00708819987644773,2704.4443226737567,116.4
182,SPX,2705.6,SPX181116C02800000,,call,2018-11-16,2018-10-25,2800.0,11.8,11.5,12.1,4299,40109,0.1583,0.1894,0.0026,-238.7913,177.0444,1.0348905972797162,0.06027397260273973,-0.01101511352696492,2703.80428164122,11.8
183,SPX,2705.6,SPX181116P02800000,,put,2018-11-16,2018-10-25,2800.0,116.05,119.3,121.2,321,36440,0.2314,-0.7201,0.0022,-434.0023,219.3817,1.0348905972797162,0.06027397260273973,-0.007405596571253968,2704.3925850942237,120.25
184,SPX,2705.6,SPX181116C02805000,,call,2018-11-16,2018-10-25,2805.0,12.25,10.4,11.0,48,2970,0.1583,0.177,0.0025,-228.9814,169.7508,1.03673861620343,0.06027397260273973,-0.011558056394270363,2703.715800219198,10.7
185,SPX,2705.6,SPX181116P02805000,,put,2018-11-16,2018-10-25,2805.0,116.7,123.2,125.1,5,12445,0.2314,-0.7307,0.0022,-425.6859,215.2068,1.03673861620343,0.06027397260273973,-0.007771322010542921,2704.332970864557,124.15
186,SPX,2705.6,SPX181116C02810000,,call,2018-11-16,2018-10-25,2810.0,12.78,9.4,10.0,91,3239,0.1583,0.1652,0.0024,-219.1142,162.4174,1.0385866351271438,0.06027397260273973,-0.011960898697269315,2703.6501523471784,9.7
187,SPX,2705.6,SPX181116P02810000,,put,2018-11-16,2018-10-25,2810.0,111.7,127.1,129.1,2412,3675,0.2314,-0.7411,0.0021,-417.1152,210.9047,1.0385866351271438,0.06027397260273973,-0.008204920501035266,2704.2622948476514,128.1
188,SPX,2705.6,SPX181116C02815000,,call,2018-11-16,2018-10-25,2815.0,13.25,8.5,9.1,25,812,0.1583,0.1539,0.0023,-209.2351,155.0778,1.0404346540508576,0.06027397260273973,-0.01247474239589072,2703.566417810807,8.8
189,SPX,2705.6,SPX181116P02815000,,put,2018-11-16,2018-10-25,2815.0,125.65,131.2,133.2,77,2633,0.2314,-0.7512,0.0021,-408.314,206.4871,1.0404346540508576,0.06027397260273973,-0.008428589925571137,2704.225837730637,132.2
190,SPX,2705.6,SPX181116C02820000,,call,2018-11-16,2018-10-25,2820.0,9.19,7.7,8.2,419,13036,0.1583,0.1432,0.0022,-199.3872,147.7636,1.0422826729745713,0.06027397260273973,-0.012823288365139102,2703.509621207666,7.949999999999999
191,SPX,2705.6,SPX181116P02820000,,put,2018-11-16,2018-10-25,2820.0,131.55,135.3,137.4,14,1195,0.2314,-0.7611,0.002,-399.3061,201.9661,1.0422826729745713,0.06027397260273973,-0.008746211132846814,2704.174067737265,136.35000000000002
192,SPX,2705.6,SPX181116C02825000,,call,2018-11-16,2018-10-25,2825.0,8.5,6.9,7.4,1138,18146,0.1583,0.133,0.0021,-189.6111,140.5048,1.0441306918982851,0.06027397260273973,-0.013266504616331906,2703.4373995236206,7.15
193,SPX,2705.6,SPX181116P02825000,,put,2018-11-16,2018-10-25,2825.0,119.6,139.5,141.6,30,10249,0.2314,-0.7708,0.002,-390.1152,197.3537,1.0441306918982851,0.06027397260273973,-0.009176334640141132,2704.103962250525,140.55
194,SPX,2705.6,SPX181116C02830000,,call,2018-11-16,2018-10-25,2830.0,9.85,6.2,6.7,213,1800,0.1583,0.1233,0.002,-179.9447,133.3292,1.045978710821999,0.06027397260273973,-0.013798329086964371,2703.350741757459,6.45
195,SPX,2705.6,SPX181116P02830000,,put,2018-11-16,2018-10-25,2830.0,133.28,143.8,145.9,90,1356,0.2314,-0.7802,0.0019,-380.7647,192.6618,1.045978710821999,0.06027397260273973,-0.00941919092056974,2704.064380102243,144.85000000000002
196,SPX,2705.6,SPX181116C02835000,,call,2018-11-16,2018-10-25,2835.0,7.0,5.6,6.0,214,1032,0.1583,0.1142,0.0019,-170.4228,126.2627,1.0478267297457127,0.06027397260273973,-0.014070831657193885,2703.3063400931787,5.8
197,SPX,2705.6,SPX181116P02835000,,put,2018-11-16,2018-10-25,2835.0,146.32,148.1,150.3,1,974,0.2314,-0.7894,0.0019,-371.2781,187.902,1.0478267297457127,0.06027397260273973,-0.009796267138726097,2704.002923145455,149.2
198,SPX,2705.6,SPX181116C02840000,,call,2018-11-16,2018-10-25,2840.0,8.11,5.0,5.5,262,2282,0.1583,0.1055,0.0018,-161.0774,119.3287,1.0496747486694264,0.06027397260273973,-0.014708572913575777,2703.202429159913,5.25
199,SPX,2705.6,SPX181116P02840000,,put,2018-11-16,2018-10-25,2840.0,133.35,152.5,154.7,225,2336,0.2314,-0.7984,0.0018,-361.6781,183.086,1.0496747486694264,0.06027397260273973,-0.010325299202171394,2703.9167023463865,153.6
200,SPX,2705.6,SPX181116C02845000,,call,2018-11-16,2018-10-25,2845.0,5.7,4.5,4.9,757,1300,0.1583,0.0974,0.0017,-151.9375,112.5485,1.0515227675931402,0.06027397260273973,-0.014984626895141665,2703.157451299973,4.7
201,SPX,2705.6,SPX181116P02845000,,put,2018-11-16,2018-10-25,2845.0,134.1,157.0,159.2,4,1625,0.2314,-0.807,0.0018,-351.9874,178.2251,1.0515227675931402,0.06027397260273973,-0.010336085703584259,2703.9149444082477,158.1
202,SPX,2705.6,SPX181116C02850000,,call,2018-11-16,2018-10-25,2850.0,5.0,4.1,4.5,10178,38029,0.1583,0.0897,0.0016,-143.0287,105.941,1.053370786516854,0.06027397260273973,-0.015573772106481825,2703.0614635524857,4.3
203,SPX,2705.6,SPX181116P02850000,,put,2018-11-16,2018-10-25,2850.0,139.95,161.5,163.7,250,23946,0.2314,-0.8155,0.0018,-342.2279,173.3305,1.053370786516854,0.06027397260273973,-0.010850157933410771,2703.8311644271434,162.6
204,SPX,2705.6,SPX181116C02855000,,call,2018-11-16,2018-10-25,2855.0,5.7,3.7,4.1,332,982,0.1583,0.0825,0.0015,-134.3737,99.5228,1.0552188054405678,0.06027397260273973,-0.016052963846874057,2702.9833927237883,3.9
205,SPX,2705.6,SPX181116P02855000,,put,2018-11-16,2018-10-25,2855.0,142.8,166.0,168.3,32,1306,0.2314,-0.8237,0.0017,-332.4212,168.413,1.0552188054405678,0.06027397260273973,-0.011185263751263825,2703.7765525672194,167.15
206,SPX,2705.6,SPX181116C02860000,,call,2018-11-16,2018-10-25,2860.0,4.3,3.3,3.7,167,3029,0.1583,0.0758,0.0014,-125.9919,93.3082,1.0570668243642816,0.06027397260273973,-0.016329729872406724,2702.9383025043885,3.5
207,SPX,2705.6,SPX181116P02860000,,put,2018-11-16,2018-10-25,2860.0,149.0,170.6,172.9,14,1419,0.2314,-0.8316,0.0017,-322.588,163.4831,1.0570668243642816,0.06027397260273973,-0.011325612822589214,2703.753680347192,171.75
208,SPX,2705.6,SPX181116C02865000,,call,2018-11-16,2018-10-25,2865.0,3.68,3.0,3.3,118,3000,0.1583,0.0695,0.0013,-117.8999,87.3093,1.0589148432879953,0.06027397260273973,-0.016766678149136696,2702.8671172140166,3.15
209,SPX,2705.6,SPX181116P02865000,,put,2018-11-16,2018-10-25,2865.0,167.15,175.3,177.6,32,1382,0.2314,-0.8393,0.0016,-312.7487,158.5509,1.0589148432879953,0.06027397260273973,-0.011637831822972788,2703.7027997520563,176.45
210,SPX,2705.6,SPX181116C02870000,,call,2018-11-16,2018-10-25,2870.0,3.9,2.65,2.95,76,1715,0.1581,0.0634,0.0012,-109.6408,81.2905,1.0607628622117091,0.06027397260273973,-0.017072008587885497,2702.8173755148487,2.8
211,SPX,2705.6,SPX181116P02870000,,put,2018-11-16,2018-10-25,2870.0,171.5,180.0,182.3,8,1999,0.2314,-0.8467,0.0016,-302.9224,153.6263,1.0607628622117091,0.06027397260273973,-0.01173617021392551,2703.686774289345,181.15
212,SPX,2705.6,SPX181116C02875000,,call,2018-11-16,2018-10-25,2875.0,2.65,2.4,2.7,892,20638,0.1581,0.0579,0.0011,-102.1792,75.7535,1.062610881135423,0.06027397260273973,-0.01769108836911888,2702.7165233938204,2.55
213,SPX,2705.6,SPX181116P02875000,,put,2018-11-16,2018-10-25,2875.0,164.7,184.7,187.0,7,12046,0.2314,-0.8539,0.0015,-293.128,148.7187,1.062610881135423,0.06027397260273973,-0.012005624685266158,2703.6428638218417,185.85
214,SPX,2705.6,SPX181116C02880000,,call,2018-11-16,2018-10-25,2880.0,3.6,2.15,2.45,116,2618,0.1581,0.0528,0.001,-95.0401,70.4564,1.0644589000591367,0.06027397260273973,-0.01825394255871239,2702.6248340532225,2.3
215,SPX,2705.6,SPX181116P02880000,,put,2018-11-16,2018-10-25,2880.0,179.9,187.3,193.6,1,2848,0.2314,-0.8609,0.0015,-283.3833,143.837,1.0644589000591367,0.06027397260273973,-0.012455977203000014,2703.5694756886924,190.45
216,SPX,2705.6,SPX181116C02885000,,call,2018-11-16,2018-10-25,2885.0,2.5,1.95,2.2,16,1518,0.1581,0.0481,0.001,-88.2286,65.403,1.0663069189828505,0.06027397260273973,-0.01862878237355728,2702.5637741111213,2.075
217,SPX,2705.6,SPX181116C02890000,,call,2018-11-16,2018-10-25,2890.0,1.85,1.75,2.0,34,5843,0.1581,0.0438,0.0009,-81.7475,60.5952,1.0681549379065642,0.06027397260273973,-0.018642933892377846,2702.5614689109907,1.875
218,SPX,2705.6,SPX181116P02890000,,put,2018-11-16,2018-10-25,2890.0,177.05,196.8,203.8,5,5504,0.2314,-0.874,0.0014,-264.1095,134.1852,1.0681549379065642,0.06027397260273973,-0.012568840115098682,2703.5510841897967,200.3
219,SPX,2705.6,SPX181116C02895000,,call,2018-11-16,2018-10-25,2895.0,1.45,1.6,1.85,31,1742,0.1581,0.0397,0.0008,-75.5975,56.0335,1.070002956830278,0.06027397260273973,-0.01957497135323752,2702.409649757244,1.725
220,SPX,2705.6,SPX181116P02895000,,put,2018-11-16,2018-10-25,2895.0,200.15,201.7,208.0,1,1419,0.2314,-0.8802,0.0013,-254.6118,129.4308,1.070002956830278,0.06027397260273973,-0.012620171885284595,2703.5427194975728,204.85
221,SPX,2705.6,SPX181116C02900000,,call,2018-11-16,2018-10-25,2900.0,1.65,1.45,1.7,560,24888,0.1581,0.036,0.0008,-69.7769,51.7166,1.0718509757539918,0.06027397260273973,-0.01988539285999827,2702.3590872339432,1.575
222,SPX,2705.6,SPX181116P02900000,,put,2018-11-16,2018-10-25,2900.0,200.58,206.5,213.5,2,14301,0.2314,-0.8862,0.0013,-245.2261,124.7338,1.0718509757539918,0.06027397260273973,-0.012810496773948292,2703.5117056144336,210.0
223,SPX,2705.6,SPX181116C02905000,,call,2018-11-16,2018-10-25,2905.0,2.07,1.3,1.55,82,2222,0.1581,0.0326,0.0007,-64.2825,47.6419,1.0736989946777056,0.06027397260273973,-0.02013319779163041,2702.3187245929244,1.425
224,SPX,2705.6,SPX181116P02905000,,put,2018-11-16,2018-10-25,2905.0,213.57,211.3,218.4,1,1313,0.2314,-0.892,0.0012,-235.9657,120.1009,1.0736989946777056,0.06027397260273973,-0.013138049992917636,2703.4583308888364,214.85000000000002
225,SPX,2705.6,SPX181116C02910000,,call,2018-11-16,2018-10-25,2910.0,1.8,1.2,1.45,38,2836,0.1581,0.0294,0.0006,-59.109,43.8056,1.0755470136014194,0.06027397260273973,-0.021096801588610707,2702.1617778607447,1.325
226,SPX,2705.6,SPX181116P02910000,,put,2018-11-16,2018-10-25,2910.0,210.33,216.2,223.3,2,1238,0.2314,-0.8975,0.0012,-226.8429,115.5382,1.0755470136014194,0.06027397260273973,-0.013071263106765582,2703.469213711844,219.75
227,SPX,2705.6,SPX181116C02915000,,call,2018-11-16,2018-10-25,2915.0,1.2,1.1,1.35,77,2177,0.1581,0.0266,0.0006,-54.2501,40.2027,1.0773950325251331,0.06027397260273973,-0.020696983200145493,2702.2268970762957,1.225
228,SPX,2705.6,SPX181116C02920000,,call,2018-11-16,2018-10-25,2920.0,1.4,1.0,1.2,81,5487,0.1581,0.0239,0.0005,-49.6976,36.8274,1.079243051448847,0.06027397260273973,-0.02178853730791023,2702.049117195506,1.1
229,SPX,2705.6,SPX181116P02920000,,put,2018-11-16,2018-10-25,2920.0,205.85,226.0,232.3,2,2046,0.2314,-0.9079,0.0011,-209.0549,106.6462,1.079243051448847,0.06027397260273973,-0.01317841500802211,2703.4517534913584,229.15
230,SPX,2705.6,SPX181116C02925000,,call,2018-11-16,2018-10-25,2925.0,1.11,0.9,1.1,952,19799,0.1581,0.0215,0.0005,-45.4428,33.673,1.0810910703725607,0.06027397260273973,-0.02210415879881306,2701.9977145475696,1.0
231,SPX,2705.6,SPX181116C02930000,,call,2018-11-16,2018-10-25,2930.0,1.2,0.85,1.05,110,4974,0.1581,0.0193,0.0005,-41.4755,30.732,1.0829390892962745,0.06027397260273973,-0.022563578496381978,2701.9228944289703,0.95
232,SPX,2705.6,SPX181116C02935000,,call,2018-11-16,2018-10-25,2935.0,0.8,0.8,1.0,13,1518,0.1581,0.0173,0.0004,-37.7851,27.9964,1.0847871082199882,0.06027397260273973,-0.022985880883690624,2701.854120984385,0.9
233,SPX,2705.6,SPX181116C02940000,,call,2018-11-16,2018-10-25,2940.0,0.7,0.7,0.95,22,3263,0.1581,0.0155,0.0004,-34.3603,25.4578,1.086635127143702,0.06027397260273973,-0.023121837497087003,2701.8319803392233,0.825
234,SPX,2705.6,SPX181116C02950000,,call,2018-11-16,2018-10-25,2950.0,0.7,0.6,0.8,5366,36399,0.1581,0.0123,0.0003,-28.2594,20.9361,1.0903311649911296,0.06027397260273973,-0.025100199537636772,2701.5098229985797,0.7
235,SPX,2705.6,SPX181116P02950000,,put,2018-11-16,2018-10-25,2950.0,259.0,254.6,262.2,10,1219,0.2314,-0.9342,0.0008,-159.984,82.1547,1.0903311649911296,0.06027397260273973,-0.013145235530795538,2703.4571600188183,258.4
236,SPX,2705.6,SPX181116C02955000,,call,2018-11-16,2018-10-25,2955.0,0.45,0.55,0.8,1,1553,0.1581,0.011,0.0003,-25.5589,18.9348,1.0921791839148434,0.06027397260273973,-0.024527902818180555,2701.6030120978967,0.675
237,SPX,2705.6,SPX181116C02960000,,call,2018-11-16,2018-10-25,2960.0,0.65,0.5,0.75,3,3623,0.1581,0.0098,0.0003,-23.0752,17.0941,1.0940272028385571,0.06027397260273973,-0.02452427689182643,2701.60360253056,0.625
238,SPX,2705.6,SPX181116C02965000,,call,2018-11-16,2018-10-25,2965.0,0.6,0.5,0.7,18,1244,0.1581,0.0087,0.0002,-20.7957,15.405,1.095875221762271,0.06027397260273973,-0.025003244290599504,2701.5256103382703,0.6
239,SPX,2705.6,SPX181116C02975000,,call,2018-11-16,2018-10-25,2975.0,0.5,0.4,0.65,140,19723,0.1581,0.0068,0.0002,-16.8008,12.4449,1.0995712596096985,0.06027397260273973,-0.026785967130498432,2701.23534217736,0.525
240,SPX,2705.6,SPX181116C02980000,,call,2018-11-16,2018-10-25,2980.0,0.62,0.4,0.65,366,10681,0.1581,0.006,0.0002,-15.0614,11.1561,1.1014192785334123,0.06027397260273973,-0.027573122798560966,2701.10718510902,0.525
241,SPX,2705.6,SPX181116C02985000,,call,2018-11-16,2018-10-25,2985.0,0.3,0.35,0.6,2,1125,0.1581,0.0053,0.0001,-13.4785,9.9834,1.103267297457126,0.06027397260273973,-0.027753942145843435,2701.0777467115245,0.475
242,SPX,2705.6,SPX181116C02990000,,call,2018-11-16,2018-10-25,2990.0,0.42,0.35,0.6,177,1627,0.1581,0.0047,0.0001,-12.0411,8.9184,1.1051153163808398,0.06027397260273973,-0.02673543930267344,2701.2435688369947,0.475
243,SPX,2705.6,SPX181116C02995000,,call,2018-11-16,2018-10-25,2995.0,0.45,0.3,0.55,131,489,0.1581,0.0041,0.0001,-10.7384,7.9534,1.1069633353045536,0.06027397260273973,-0.02900357330651259,2700.8743085642677,0.42500000000000004
244,SPX,2705.6,SPX181116C03000000,,call,2018-11-16,2018-10-25,3000.0,0.45,0.3,0.5,1892,28666,0.1581,0.0036,0.0001,-9.5603,7.0806,1.1088113542282674,0.06027397260273973,-0.02948831077872236,2700.795398128896,0.4
245,SPX,2705.6,SPX181116P03000000,,put,2018-11-16,2018-10-25,3000.0,305.0,304.6,312.1,1850,8788,0.2314,-0.9641,0.0005,-94.7724,49.7502,1.1088113542282674,0.06027397260273973,-0.010050218713518914,2703.9615341810886,308.35
246,SPX,2705.6,SPX181116C03005000,,call,2018-11-16,2018-10-25,3005.0,0.3,0.25,0.5,1,1043,0.1581,0.0032,0.0001,-8.4969,6.2929,1.1106593731519812,0.06027397260273973,-0.027040320672390386,2701.193930130176,0.375
247,SPX,2705.6,SPX181116C03010000,,call,2018-11-16,2018-10-25,3010.0,0.25,0.25,0.5,3,12383,0.1581,0.0028,0.0001,-7.539,5.5833,1.112507392075695,0.06027397260273973,-0.027648218807016095,2701.0949590213577,0.375
248,SPX,2705.6,SPX181116C03020000,,call,2018-11-16,2018-10-25,3020.0,0.25,0.2,0.45,243,11722,0.1581,0.0021,0.0001,-5.905,4.3729,1.1162034299231225,0.06027397260273973,-0.032129102349849246,2700.3655440388607,0.325
249,SPX,2705.6,SPX181116C03025000,,call,2018-11-16,2018-10-25,3025.0,0.29,0.25,0.45,309,16524,0.1581,0.0018,0.0001,-5.2129,3.8603,1.1180514488468363,0.06027397260273973,-0.0359170058037189,2699.749088585236,0.35
250,SPX,2705.6,SPX181116C03030000,,call,2018-11-16,2018-10-25,3030.0,0.2,0.2,0.4,1,3793,0.1581,0.0016,0.0001,-4.5943,3.4022,1.11989946777055,0.06027397260273973,-0.0320891359885604,2700.372049041953,0.30000000000000004
251,SPX,2705.6,SPX181116C03035000,,call,2018-11-16,2018-10-25,3035.0,0.24,0.2,0.4,230,7400,0.1581,0.0014,0.0,-4.0424,2.9934,1.1217474866942638,0.06027397260273973,-0.031162388330686082,2700.5228926970217,0.30000000000000004
252,SPX,2705.6,SPX181116C03040000,,call,2018-11-16,2018-10-25,3040.0,0.25,0.2,0.4,105,5539,0.1581,0.0012,0.0,-3.5509,2.6294,1.1235955056179776,0.06027397260273973,-0.03398375599242303,2700.0636942218043,0.30000000000000004
253,SPX,2705.6,SPX181116C03045000,,call,2018-11-16,2018-10-25,3045.0,0.25,0.15,0.35,155,1708,0.1581,0.0011,0.0,-3.1141,2.3059,1.1254435245416914,0.06027397260273973,-0.023553069288649232,2701.761755091333,0.25
254,SPX,2705.6,SPX181116C03050000,,call,2018-11-16,2018-10-25,3050.0,0.25,0.2,0.35,1078,34550,0.1581,0.0009,0.0,-2.7266,2.019,1.1272915434654052,0.06027397260273973,-0.03469716798990804,2699.94759350612,0.275
255,SPX,2705.6,SPX181116C03060000,,call,2018-11-16,2018-10-25,3060.0,0.2,0.1,0.3,3,1471,0.1581,0.0007,0.0,-2.0801,1.5402,1.1309875813128327,0.06027397260273973,-0.02756833738882155,2701.107964204754,0.2
256,SPX,2705.6,SPX181116C03065000,,call,2018-11-16,2018-10-25,3065.0,0.2,0.1,0.3,5,666,0.1581,0.0006,0.0,-1.8125,1.342,1.1328356002365465,0.06027397260273973,-0.02896341054079566,2700.88084676617,0.2
257,SPX,2705.6,SPX181116C03070000,,call,2018-11-16,2018-10-25,3070.0,0.2,0.1,0.3,380,3673,0.1581,0.0005,0.0,-1.5768,1.1675,1.1346836191602603,0.06027397260273973,-0.03517932895819328,2699.8691294254227,0.2
258,SPX,2705.6,SPX181116C03075000,,call,2018-11-16,2018-10-25,3075.0,0.2,0.1,0.3,976,6774,0.1581,0.0004,0.0,-1.3695,1.014,1.136531638083974,0.06027397260273973,-0.048279162560393274,2697.7382108016727,0.2
259,SPX,2705.6,SPX181116C03080000,,call,2018-11-16,2018-10-25,3080.0,0.13,0.1,0.25,24,571,0.1581,0.0004,0.0,-1.1877,0.8793,1.1383796570076878,0.06027397260273973,-0.02132398345331517,2702.1247769980982,0.175
260,SPX,2705.6,SPX181116C03085000,,call,2018-11-16,2018-10-25,3085.0,0.1,0.1,0.25,80,381,0.1581,0.0003,0.0,-1.0283,0.7613,1.1402276759314016,0.06027397260273973,-0.04517015495414828,2698.2437933756332,0.175
261,SPX,2705.6,SPX181116C03090000,,call,2018-11-16,2018-10-25,3090.0,0.11,0.05,0.25,34,451,0.1581,0.0003,0.0,-0.889,0.6581,1.1420756948551154,0.06027397260273973,-0.01830228010912241,2702.6169599775385,0.15
262,SPX,2705.6,SPX181116C03095000,,call,2018-11-16,2018-10-25,3095.0,0.11,0.05,0.2,50,474,0.1581,0.0002,0.0,-0.7673,0.5681,1.1439237137788292,0.06027397260273973,-0.061329095602901056,2695.617081651169,0.125
263,SPX,2705.6,SPX181116C03100000,,call,2018-11-16,2018-10-25,3100.0,0.15,0.1,0.2,4029,9260,0.1581,0.0002,0.0,-0.6613,0.4895,1.145771732702543,0.06027397260273973,-0.03454796131164871,2699.97187499794,0.15000000000000002
264,SPX,2705.6,SPX181116C03105000,,call,2018-11-16,2018-10-25,3105.0,0.1,0.05,0.2,5,428,0.1581,0.0002,0.0,-0.569,0.4212,1.1476197516262567,0.06027397260273973,-0.0078099876100741735,2704.326668344711,0.125
265,SPX,2705.6,SPX181116C03110000,,call,2018-11-16,2018-10-25,3110.0,0.1,0.05,0.2,3,214,0.1581,0.0001,0.0,-0.4889,0.3619,1.1494677705499705,0.06027397260273973,-0.09634266937828492,2689.934230664084,0.125
266,SPX,2705.6,SPX181116C03120000,,call,2018-11-16,2018-10-25,3120.0,0.09,0.05,0.2,5,208,0.1581,0.0001,0.0,-0.3592,0.2659,1.153163808397398,0.06027397260273973,-0.043081278240075245,2698.5835368720072,0.125
267,SPX,2705.6,SPX181116C03125000,,call,2018-11-16,2018-10-25,3125.0,0.08,0.05,0.2,5,868,0.1581,0.0001,0.0,-0.3072,0.2274,1.1550118273211119,0.06027397260273973,-0.01651456465164684,2702.9081899759685,0.125
268,SPX,2705.6,SPX181116C03130000,,call,2018-11-16,2018-10-25,3130.0,0.1,0.05,0.2,9,594,0.1581,0.0001,0.0,-0.2624,0.1942,1.1568598462448256,0.06027397260273973,0.010009676155144994,2707.2328430799303,0.125
269,SPX,2705.6,SPX181116C03135000,,call,2018-11-16,2018-10-25,3135.0,0.1,0.05,0.2,3,23,0.1581,0.0001,0.0,-0.2237,0.1656,1.1587078651685394,0.06027397260273973,0.03649157976787622,2711.5574961838915,0.125
270,SPX,2705.6,SPX181116C03140000,,call,2018-11-16,2018-10-25,3140.0,0.09,0.0,0.2,36,154,0.1581,0.0001,0.0,-0.1905,0.141,1.1605558840922532,0.06027397260273973,0.06293128112589805,2715.8821492878537,0.1
271,SPX,2705.6,SPX181116C03145000,,call,2018-11-16,2018-10-25,3145.0,0.09,0.0,0.2,60,150,0.1581,0.0,0.0,-0.1619,0.1199,1.162403903015967,0.06027397260273973,-inf,0.0,0.1
272,SPX,2705.6,SPX181116C03150000,,call,2018-11-16,2018-10-25,3150.0,0.09,0.0,0.2,81,340,0.1581,0.0,0.0,-0.1375,0.1018,1.1642519219396807,0.06027397260273973,-inf,0.0,0.1
273,SPX,2705.6,SPX181116C03160000,,call,2018-11-16,2018-10-25,3160.0,0.09,0.0,0.2,5,64,0.1581,0.0,0.0,-0.0986,0.073,1.1679479597871083,0.06027397260273973,-inf,0.0,0.1
274,SPX,2705.6,SPX181116C03170000,,call,2018-11-16,2018-10-25,3170.0,0.07,0.0,0.2,5,125,0.1581,0.0,0.0,-0.0704,0.0521,1.1716439976345359,0.06027397260273973,-inf,0.0,0.1
275,SPX,2705.6,SPX181116C03175000,,call,2018-11-16,2018-10-25,3175.0,0.08,0.0,0.2,6,125,0.1581,0.0,0.0,-0.0593,0.0439,1.1734920165582496,0.06027397260273973,-inf,0.0,0.1
276,SPX,2705.6,SPX181116C03180000,,call,2018-11-16,2018-10-25,3180.0,0.08,0.0,0.2,10,88,0.1581,0.0,0.0,-0.0499,0.0369,1.1753400354819634,0.06027397260273973,-inf,0.0,0.1
277,SPX,2705.6,SPX181116C03190000,,call,2018-11-16,2018-10-25,3190.0,0.07,0.0,0.2,2,104,0.1581,0.0,0.0,-0.0352,0.0261,1.179036073329391,0.06027397260273973,-inf,0.0,0.1
278,SPX,2705.6,SPX181116C03200000,,call,2018-11-16,2018-10-25,3200.0,0.05,0.0,0.2,1002,1618,0.1581,0.0,0.0,-0.0247,0.0183,1.1827321111768185,0.06027397260273973,-inf,0.0,0.1
279,SPX,2705.6,SPX181116C03210000,,call,2018-11-16,2018-10-25,3210.0,0.06,0.05,0.2,30,174,0.1581,0.0,0.0,-0.0172,0.0127,1.186428149024246,0.06027397260273973,-inf,0.0,0.125
280,SPX,2705.6,SPX181116C03220000,,call,2018-11-16,2018-10-25,3220.0,0.06,0.05,0.2,25,92,0.1581,0.0,0.0,-0.0119,0.0088,1.1901241868716737,0.06027397260273973,-inf,0.0,0.125
281,SPX,2705.6,SPX181116C03400000,,call,2018-11-16,2018-10-25,3400.0,0.05,0.0,0.15,1,13,0.1581,0.0,0.0,0.0,0.0,1.2566528681253697,0.06027397260273973,-inf,0.0,0.075
282,SPX,2705.6,SPX181221C00100000,,call,2018-12-21,2018-10-25,100.0,2607.8,2578.1,2586.4,22,3631,0.1499,0.9966,0.0,56.8297,0.0,0.03696037847427558,0.15616438356164383,-20.10278806259674,117.1833113616318,2582.25
283,SPX,2705.6,SPX181221P00700000,,put,2018-12-21,2018-10-25,700.0,0.05,0.0,0.1,40,8171,0.3886,0.0,0.0,0.0,0.0,0.25872264931992905,0.15616438356164383,inf,inf,0.05
284,SPX,2705.6,SPX181221C00800000,,call,2018-12-21,2018-10-25,800.0,1883.8,1881.2,1889.4,2,2,0.1499,0.9966,0.0,39.6708,0.0,0.29568302779420463,0.15616438356164383,-6.787065909734634,937.4664908930545,1885.3000000000002
285,SPX,2705.6,SPX181221C01000000,,call,2018-12-21,2018-10-25,1000.0,1702.35,1682.2,1690.4,250,42325,0.1499,0.9966,0.0,34.7682,0.0,0.3696037847427558,0.15616438356164383,-5.358164221494519,1171.833113616318,1686.3000000000002
286,SPX,2705.6,SPX181221P01000000,,put,2018-12-21,2018-10-25,1000.0,0.2,0.1,0.3,450,45642,0.3886,0.0,0.0,0.0,0.0,0.3696037847427558,0.15616438356164383,inf,inf,0.2
287,SPX,2705.6,SPX181221P01275000,,put,2018-12-21,2018-10-25,1275.0,0.65,0.4,0.6,2,417,0.3886,0.0,0.0,-0.0019,0.0015,0.47124482554701363,0.15616438356164383,inf,inf,0.5
288,SPX,2705.6,SPX181221P01300000,,put,2018-12-21,2018-10-25,1300.0,0.56,0.4,0.65,250,20243,0.3886,0.0,0.0,-0.0036,0.0028,0.48048492016558253,0.15616438356164383,inf,inf,0.525
289,SPX,2705.6,SPX181221P01325000,,put,2018-12-21,2018-10-25,1325.0,0.6,0.5,0.7,200,1731,0.3886,0.0,0.0,-0.0065,0.0052,0.4897250147841514,0.15616438356164383,inf,inf,0.6
290,SPX,2705.6,SPX181221P01400000,,put,2018-12-21,2018-10-25,1400.0,0.6,0.65,0.85,5698,43086,0.3886,0.0,0.0,-0.034,0.0271,0.5174452986398581,0.15616438356164383,inf,inf,0.75
291,SPX,2705.6,SPX181221P01450000,,put,2018-12-21,2018-10-25,1450.0,0.81,0.75,0.95,5,12493,0.3886,0.0,0.0,-0.0909,0.0723,0.5359254878769959,0.15616438356164383,inf,inf,0.85
292,SPX,2705.6,SPX181221P01500000,,put,2018-12-21,2018-10-25,1500.0,0.8,0.9,1.1,7612,27034,0.3886,0.0,0.0,-0.2237,0.178,0.5544056771141337,0.15616438356164383,inf,inf,1.0
293,SPX,2705.6,SPX181221P01575000,,put,2018-12-21,2018-10-25,1575.0,1.1,1.15,1.35,692,2027,0.3886,-0.0001,0.0,-0.7492,0.5962,0.5821259609698404,0.15616438356164383,0.11688443944951116,2755.439300463395,1.25
294,SPX,2705.6,SPX181221P01600000,,put,2018-12-21,2018-10-25,1600.0,1.15,1.25,1.45,5000,38710,0.3886,-0.0002,0.0,-1.0829,0.8618,0.5913660555884093,0.15616438356164383,0.04177423405780131,2723.308078533727,1.35
295,SPX,2705.6,SPX181221P01625000,,put,2018-12-21,2018-10-25,1625.0,1.3,1.3,1.55,201,1544,0.3886,-0.0003,0.0,-1.5402,1.2258,0.6006061502069782,0.15616438356164383,0.03439114493819913,2720.1699802966377,1.425
296,SPX,2705.6,SPX181221P01650000,,put,2018-12-21,2018-10-25,1650.0,1.55,1.45,1.65,444,16130,0.3886,-0.0005,0.0,-2.1569,1.7168,0.6098462448255471,0.15616438356164383,-0.006583200877880696,2702.8199060854067,1.5499999999999998
297,SPX,2705.6,SPX181221P01675000,,put,2018-12-21,2018-10-25,1675.0,1.65,1.55,1.8,100,2161,0.3886,-0.0006,0.0,-2.9762,2.3691,0.619086339444116,0.15616438356164383,0.03892485153456407,2722.0965520813515,1.675
298,SPX,2705.6,SPX181221P01700000,,put,2018-12-21,2018-10-25,1700.0,1.55,1.65,1.9,5747,41004,0.3886,-0.0009,0.0,-4.0484,3.2229,0.6283264340626848,0.15616438356164383,0.018257660357335503,2713.32520444527,1.775
299,SPX,2705.6,SPX181221P01725000,,put,2018-12-21,2018-10-25,1725.0,1.77,1.8,2.05,242,3482,0.3886,-0.0012,0.0,-5.432,4.3246,0.6375665286812537,0.15616438356164383,0.02745088826210379,2717.2234002762066,1.9249999999999998
300,SPX,2705.6,SPX181221P01800000,,put,2018-12-21,2018-10-25,1800.0,2.1,2.25,2.5,253,35282,0.3886,-0.003,0.0,-12.1476,9.6736,0.6652868125369604,0.15616438356164383,0.01688175829023049,2712.742263304537,2.375
301,SPX,2705.6,SPX181221P01850000,,put,2018-12-21,2018-10-25,1850.0,2.45,2.55,2.8,285,18252,0.3886,-0.0051,0.0,-19.5722,15.589,0.6837670017740982,0.15616438356164383,0.016499965720100554,2712.5805279180945,2.675
302,SPX,2705.6,SPX181221P01875000,,put,2018-12-21,2018-10-25,1875.0,2.4,2.8,3.1,596,7182,0.3886,-0.0065,0.0,-24.4352,19.4642,0.6930070963926671,0.15616438356164383,0.018667268432605952,2713.4987710789596,2.95
303,SPX,2705.6,SPX181221P01900000,,put,2018-12-21,2018-10-25,1900.0,2.75,3.0,3.3,43,49223,0.3886,-0.0083,0.0001,-30.187,24.0485,0.702247191011236,0.15616438356164383,0.016633206340382095,2712.6369703600703,3.15
304,SPX,2705.6,SPX181221P01925000,,put,2018-12-21,2018-10-25,1925.0,3.0,3.2,3.5,3,6781,0.3886,-0.0104,0.0001,-36.9162,29.4126,0.7114872856298049,0.15616438356164383,0.01788157951355189,2713.1658543601625,3.35
305,SPX,2705.6,SPX181221P01950000,,put,2018-12-21,2018-10-25,1950.0,3.3,3.4,3.8,244,15062,0.3886,-0.013,0.0001,-44.7054,35.6227,0.7207273802483738,0.15616438356164383,0.016546112755853354,2712.600076263558,3.5999999999999996
306,SPX,2705.6,SPX181221P01960000,,put,2018-12-21,2018-10-25,1960.0,3.5,3.5,3.9,1,225,0.3886,-0.0142,0.0001,-48.1348,38.3572,0.7244234180958014,0.15616438356164383,0.01537927079980915,2712.105833602014,3.7
307,SPX,2705.6,SPX181221C02000000,,call,2018-12-21,2018-10-25,2000.0,710.0,690.0,697.9,1851,43652,0.1499,0.9966,0.0,10.2552,0.0007,0.7392075694855116,0.15616438356164383,-0.9195901705404841,2343.6662272326357,693.95
308,SPX,2705.6,SPX181221P02000000,,put,2018-12-21,2018-10-25,2000.0,3.8,4.0,4.3,2104,76036,0.3886,-0.0197,0.0001,-63.7483,50.8096,0.7392075694855116,0.15616438356164383,0.015208181217311365,2712.033372257372,4.15
309,SPX,2705.6,SPX181221P02050000,,put,2018-12-21,2018-10-25,2050.0,4.0,4.7,5.0,1546,32148,0.3886,-0.0288,0.0002,-87.7509,69.9602,0.7576877587226494,0.15616438356164383,0.014756241953075025,2711.841972329705,4.85
310,SPX,2705.6,SPX181221P02060000,,put,2018-12-21,2018-10-25,2060.0,4.2,4.8,5.2,3,3,0.385,-0.0299,0.0002,-89.5769,72.0875,0.7613837965700769,0.15616438356164383,0.013971681312428805,2711.5097366416267,5.0
311,SPX,2705.6,SPX181221P02075000,,put,2018-12-21,2018-10-25,2075.0,4.4,5.1,5.4,10,9167,0.3797,-0.0316,0.0002,-92.4715,75.4617,0.7669278533412183,0.15616438356164383,0.013687622849348088,2711.389457239734,5.25
312,SPX,2705.6,SPX181221P02100000,,put,2018-12-21,2018-10-25,2100.0,4.77,5.6,5.9,29,55314,0.3715,-0.0349,0.0002,-98.1263,81.8553,0.7761679479597872,0.15616438356164383,0.013002973131474041,2711.09957666676,5.75
313,SPX,2705.6,SPX181221P02110000,,put,2018-12-21,2018-10-25,2110.0,5.4,5.7,6.1,6,166,0.3675,-0.036,0.0002,-99.6848,84.0653,0.7798639858072147,0.15616438356164383,0.01344654205623784,2711.2873801380115,5.9
314,SPX,2705.6,SPX181221P02125000,,put,2018-12-21,2018-10-25,2125.0,5.35,6.0,6.4,20,6401,0.3622,-0.0381,0.0002,-102.8268,87.9918,0.7854080425783561,0.15616438356164383,0.012832672100868789,2711.027476053019,6.2
315,SPX,2705.6,SPX181221P02130000,,put,2018-12-21,2018-10-25,2130.0,6.0,6.2,6.5,4,407,0.361,-0.039,0.0002,-104.5216,89.7423,0.7872560615020698,0.15616438356164383,0.013099374850003606,2711.140391263085,6.35
316,SPX,2705.6,SPX181221P02150000,,put,2018-12-21,2018-10-25,2150.0,5.57,6.6,7.0,53,24232,0.3541,-0.0421,0.0002,-109.0745,95.4887,0.794648137196925,0.15616438356164383,0.012749209846902032,2710.9921412081385,6.8
317,SPX,2705.6,SPX181221P02175000,,put,2018-12-21,2018-10-25,2175.0,6.35,7.2,7.6,76,6756,0.3454,-0.0464,0.0003,-114.8866,103.1281,0.8038882318154938,0.15616438356164383,0.01158973802985204,2710.5013111748654,7.4
318,SPX,2705.6,SPX181221P02200000,,put,2018-12-21,2018-10-25,2200.0,7.4,7.9,8.3,1165,66800,0.337,-0.0512,0.0003,-121.3016,111.6214,0.8131283264340627,0.15616438356164383,0.011420752166535132,2710.4297831459726,8.100000000000001
319,SPX,2705.6,SPX181221P02225000,,put,2018-12-21,2018-10-25,2225.0,7.4,8.8,9.2,878,7839,0.3297,-0.0571,0.0003,-129.3919,121.7273,0.8223684210526316,0.15616438356164383,0.01120747800586798,2710.339511541563,9.0
320,SPX,2705.6,SPX181221P02235000,,put,2018-12-21,2018-10-25,2235.0,7.45,9.1,9.5,2,101,0.3262,-0.0594,0.0003,-131.9708,125.4962,0.8260644589000592,0.15616438356164383,0.010766873656366305,2710.1530284216306,9.3
321,SPX,2705.6,SPX181221P02240000,,put,2018-12-21,2018-10-25,2240.0,8.7,9.3,9.7,1,250,0.3247,-0.0607,0.0003,-133.6025,127.6404,0.827912477823773,0.15616438356164383,0.01068256308126201,2710.117345944355,9.5
322,SPX,2705.6,SPX181221P02250000,,put,2018-12-21,2018-10-25,2250.0,8.7,9.7,10.1,5372,31391,0.3217,-0.0634,0.0004,-136.906,132.0283,0.8316085156712005,0.15616438356164383,0.010441711340327273,2710.01541367116,9.899999999999999
323,SPX,2705.6,SPX181221P02255000,,put,2018-12-21,2018-10-25,2255.0,8.2,9.9,10.3,200,1,0.3201,-0.0647,0.0004,-138.4434,134.1845,0.8334565345949143,0.15616438356164383,0.010586727390607342,2710.0767863022406,10.100000000000001
324,SPX,2705.6,SPX181221P02275000,,put,2018-12-21,2018-10-25,2275.0,8.94,10.8,11.2,152,20514,0.3143,-0.0707,0.0004,-145.5319,143.686,0.8408486102897694,0.15616438356164383,0.01022671880281839,2709.9244286611256,11.0
325,SPX,2705.6,SPX181221P02280000,,put,2018-12-21,2018-10-25,2280.0,9.75,11.0,11.4,1,229,0.3126,-0.0721,0.0004,-146.9915,145.9236,0.8426966292134832,0.15616438356164383,0.010367736779656765,2709.9841072345116,11.2
326,SPX,2705.6,SPX181221P02295000,,put,2018-12-21,2018-10-25,2295.0,10.5,11.7,12.1,200,420,0.3079,-0.0769,0.0004,-151.9882,153.2113,0.8482406859846245,0.15616438356164383,0.009886117008018232,2709.7802919682244,11.899999999999999
327,SPX,2705.6,SPX181221P02300000,,put,2018-12-21,2018-10-25,2300.0,10.75,11.9,12.4,5241,57580,0.3064,-0.0786,0.0004,-153.7701,155.7749,0.8500887049083383,0.15616438356164383,0.009808895733044588,2709.747614348065,12.15
328,SPX,2705.6,SPX181221P02320000,,put,2018-12-21,2018-10-25,2320.0,12.7,13.0,13.5,3,22,0.3006,-0.0859,0.0005,-161.3003,166.5942,0.8574807806031934,0.15616438356164383,0.009654787038621868,2709.682401562858,13.25
329,SPX,2705.6,SPX181221P02325000,,put,2018-12-21,2018-10-25,2325.0,12.35,13.3,13.7,381,17285,0.2989,-0.0877,0.0005,-162.8475,169.1589,0.8593287995269072,0.15616438356164383,0.009458533166887467,2709.5993568552685,13.5
330,SPX,2705.6,SPX181221P02330000,,put,2018-12-21,2018-10-25,2330.0,13.17,13.6,14.0,6,209,0.2975,-0.0897,0.0005,-164.8409,172.0459,0.861176818450621,0.15616438356164383,0.009458627798928317,2709.5993968981456,13.8
331,SPX,2705.6,SPX181221P02340000,,put,2018-12-21,2018-10-25,2340.0,12.5,14.2,14.7,1,403,0.2947,-0.0939,0.0005,-168.8607,177.9383,0.8648728562980486,0.15616438356164383,0.009190216813989634,2709.485823070659,14.45
332,SPX,2705.6,SPX181221P02345000,,put,2018-12-21,2018-10-25,2345.0,14.3,14.5,15.0,2,234,0.2932,-0.096,0.0005,-170.7378,180.8485,0.8667208752217623,0.15616438356164383,0.009077490679056367,2709.438126223974,14.75
333,SPX,2705.6,SPX181221P02350000,,put,2018-12-21,2018-10-25,2350.0,12.2,14.8,15.3,4612,33380,0.2916,-0.098,0.0006,-172.4746,183.7025,0.8685688941454761,0.15616438356164383,0.00930285854467771,2709.533485042808,15.05
334,SPX,2705.6,SPX181221P02355000,,put,2018-12-21,2018-10-25,2355.0,12.7,15.2,15.6,61,1548,0.2903,-0.1004,0.0006,-174.6668,186.8832,0.8704169130691899,0.15616438356164383,0.008931950482701324,2709.376546285576,15.399999999999999
335,SPX,2705.6,SPX181221P02360000,,put,2018-12-21,2018-10-25,2360.0,14.35,15.5,16.0,9,59,0.2889,-0.1027,0.0006,-176.7187,190.0081,0.8722649319929037,0.15616438356164383,0.008911993799267229,2709.368102463961,15.75
336,SPX,2705.6,SPX181221P02370000,,put,2018-12-21,2018-10-25,2370.0,16.0,16.2,16.7,12,166,0.2859,-0.1073,0.0006,-180.5441,196.1858,0.8759609698403312,0.15616438356164383,0.008932925084846145,2709.376958647687,16.45
337,SPX,2705.6,SPX181221P02375000,,put,2018-12-21,2018-10-25,2375.0,13.61,16.6,17.1,331,20295,0.2846,-0.1099,0.0006,-182.7694,199.5257,0.877808988764045,0.15616438356164383,0.008665994936192883,2709.264020671538,16.85
338,SPX,2705.6,SPX181221P02380000,,put,2018-12-21,2018-10-25,2380.0,15.9,17.0,17.5,10,91,0.2833,-0.1125,0.0006,-185.002,202.905,0.8796570076877588,0.15616438356164383,0.008629259298054776,2709.248478214934,17.25
339,SPX,2705.6,SPX181221P02390000,,put,2018-12-21,2018-10-25,2390.0,16.8,17.7,18.3,30,405,0.2802,-0.1175,0.0007,-188.7199,209.3048,0.8833530455351863,0.15616438356164383,0.008566842937051157,2709.2220707228926,18.0
340,SPX,2705.6,SPX181221P02400000,,put,2018-12-21,2018-10-25,2400.0,16.5,18.5,19.1,3656,57692,0.2772,-0.1229,0.0007,-192.6027,215.9577,0.8870490833826139,0.15616438356164383,0.008208921150846649,2709.070643975839,18.8
341,SPX,2705.6,SPX181221P02405000,,put,2018-12-21,2018-10-25,2405.0,19.9,19.0,19.5,2,659,0.2759,-0.1258,0.0007,-194.8557,219.5317,0.8888971023063277,0.15616438356164383,0.008205377675604232,2709.0691448723883,19.25
342,SPX,2705.6,SPX181221P02410000,,put,2018-12-21,2018-10-25,2410.0,16.28,19.4,20.0,28,248,0.2746,-0.1288,0.0007,-197.1109,223.1428,0.8907451212300415,0.15616438356164383,0.008091554312831234,2709.0209911756383,19.7
343,SPX,2705.6,SPX181221P02420000,,put,2018-12-21,2018-10-25,2420.0,18.3,20.4,20.9,887,1858,0.2718,-0.1348,0.0007,-201.3131,230.2882,0.894441159077469,0.15616438356164383,0.008025362014890458,2708.9929884970784,20.65
344,SPX,2705.6,SPX181221P02425000,,put,2018-12-21,2018-10-25,2425.0,18.3,20.8,21.4,2419,15463,0.2703,-0.1378,0.0008,-203.2568,233.8232,0.8962891780011828,0.15616438356164383,0.008068759547152256,2709.0113478080716,21.1
345,SPX,2705.6,SPX181221P02430000,,put,2018-12-21,2018-10-25,2430.0,17.83,21.3,21.9,112,87,0.2689,-0.141,0.0008,-205.3531,237.4869,0.8981371969248966,0.15616438356164383,0.007961392157128724,2708.9659262977843,21.6
346,SPX,2705.6,SPX181221P02435000,,put,2018-12-21,2018-10-25,2435.0,21.76,21.8,22.4,1,288,0.2675,-0.1443,0.0008,-207.4457,241.1854,0.8999852158486104,0.15616438356164383,0.007778207393588421,2708.888432192222,22.1
347,SPX,2705.6,SPX181221C02440000,,call,2018-12-21,2018-10-25,2440.0,268.0,271.5,277.1,25,0,0.1499,0.9601,0.0005,-41.4973,85.0137,0.9018332347723241,0.15616438356164383,-0.008363415163707123,2702.0686101919596,274.3
348,SPX,2705.6,SPX181221P02440000,,put,2018-12-21,2018-10-25,2440.0,22.15,22.4,23.0,10,254,0.2665,-0.1479,0.0008,-210.1576,245.2791,0.9018332347723241,0.15616438356164383,0.007897123172317215,2708.9387378262004,22.7
349,SPX,2705.6,SPX181221P02445000,,put,2018-12-21,2018-10-25,2445.0,20.72,22.9,23.5,6,301,0.2649,-0.1512,0.0008,-211.927,248.8631,0.9036812536960379,0.15616438356164383,0.0076909704509082605,2708.8515284346704,23.2
350,SPX,2705.6,SPX181221P02450000,,put,2018-12-21,2018-10-25,2450.0,20.6,23.4,24.1,826,40681,0.2636,-0.1548,0.0008,-214.1573,252.7481,0.9055292726197517,0.15616438356164383,0.007558764177664774,2708.795602303983,23.75
351,SPX,2705.6,SPX181221P02455000,,put,2018-12-21,2018-10-25,2455.0,21.72,24.0,24.6,5,228,0.2622,-0.1584,0.0009,-216.2223,256.5747,0.9073772915434655,0.15616438356164383,0.0074255977419951935,2708.7392711709367,24.3
352,SPX,2705.6,SPX181221P02460000,,put,2018-12-21,2018-10-25,2460.0,21.1,24.6,25.2,9,402,0.2609,-0.1621,0.0009,-218.4333,260.5177,0.9092253104671792,0.15616438356164383,0.007471209753655457,2708.758565512781,24.9
353,SPX,2705.6,SPX181221P02465000,,put,2018-12-21,2018-10-25,2465.0,20.05,25.2,25.8,6,476,0.2595,-0.1658,0.0009,-220.476,264.4017,0.911073329390893,0.15616438356164383,0.007516170495799286,2708.777584495542,25.5
354,SPX,2705.6,SPX181221P02470000,,put,2018-12-21,2018-10-25,2470.0,22.83,25.8,26.4,1924,1476,0.2581,-0.1697,0.0009,-222.5052,268.3128,0.9129213483146068,0.15616438356164383,0.007261935299121142,2708.670041435046,26.1
355,SPX,2705.6,SPX181221P02475000,,put,2018-12-21,2018-10-25,2475.0,23.43,26.4,27.1,2686,26343,0.2569,-0.1738,0.0009,-224.8316,272.4159,0.9147693672383206,0.15616438356164383,0.0071550281336334245,2708.6248203180853,26.75
356,SPX,2705.6,SPX181221P02480000,,put,2018-12-21,2018-10-25,2480.0,27.96,27.1,27.7,2495,236,0.2556,-0.1778,0.001,-226.9847,276.4562,0.9166173861620344,0.15616438356164383,0.007313707114178537,2708.691940886787,27.4
357,SPX,2705.6,SPX181221P02485000,,put,2018-12-21,2018-10-25,2485.0,25.78,27.7,28.4,2,523,0.2542,-0.1819,0.001,-228.963,280.4357,0.9184654050857481,0.15616438356164383,0.007238740153844438,2708.6602299576884,28.049999999999997
358,SPX,2705.6,SPX181221P02490000,,put,2018-12-21,2018-10-25,2490.0,23.13,28.4,29.1,17,572,0.2529,-0.1862,0.001,-231.0766,284.5147,0.9203134240094619,0.15616438356164383,0.007109554443142013,2708.6055854370566,28.75
359,SPX,2705.6,SPX181221C02495000,,call,2018-12-21,2018-10-25,2495.0,211.1,224.2,228.8,15,3,0.1499,0.918,0.0009,-76.8742,155.875,0.9221614429331757,0.15616438356164383,-0.0022209448748809982,2704.6617727355865,226.5
360,SPX,2705.6,SPX181221P02495000,,put,2018-12-21,2018-10-25,2495.0,28.9,29.1,29.8,3,718,0.2516,-0.1906,0.001,-233.1674,288.6093,0.9221614429331757,0.15616438356164383,0.006971218395874917,2708.5470716196573,29.450000000000003
361,SPX,2705.6,SPX181221C02500000,,call,2018-12-21,2018-10-25,2500.0,220.94,220.0,224.6,34,13411,0.1499,0.9129,0.001,-80.6268,163.4474,0.9240094618568895,0.15616438356164383,-0.0018855427843157708,2704.803440843313,222.3
362,SPX,2705.6,SPX181221P02500000,,put,2018-12-21,2018-10-25,2500.0,29.6,29.8,30.5,16171,56590,0.2502,-0.195,0.001,-235.0782,292.6412,0.9240094618568895,0.15616438356164383,0.006865505020972808,2708.50235749514,30.15
363,SPX,2705.6,SPX181221C02505000,,call,2018-12-21,2018-10-25,2505.0,202.3,217.4,219.1,15,0,0.1499,0.9075,0.001,-84.4519,171.174,0.9258574807806033,0.15616438356164383,-0.001728604297189993,2704.869731525009,218.25
364,SPX,2705.6,SPX181221P02505000,,put,2018-12-21,2018-10-25,2505.0,28.33,30.6,31.3,31,103,0.2491,-0.1997,0.0011,-237.4274,296.9105,0.9258574807806033,0.15616438356164383,0.006873431864816679,2708.5057103270474,30.950000000000003
365,SPX,2705.6,SPX181221P02510000,,put,2018-12-21,2018-10-25,2510.0,29.65,31.3,32.0,3,263,0.2476,-0.2042,0.0011,-239.128,300.8907,0.927705499704317,0.15616438356164383,0.006803183060793094,2708.4759972041393,31.65
366,SPX,2705.6,SPX181221C02515000,,call,2018-12-21,2018-10-25,2515.0,193.7,209.0,210.6,15,15,0.1499,0.8961,0.0011,-92.2976,187.0448,0.9295535186280308,0.15616438356164383,-0.0012058040703839586,2705.090573611254,209.8
367,SPX,2705.6,SPX181221P02515000,,put,2018-12-21,2018-10-25,2515.0,27.05,32.1,32.8,1210,516,0.2463,-0.209,0.0011,-241.107,305.0255,0.9295535186280308,0.15616438356164383,0.00666666815760069,2708.4182564544226,32.45
368,SPX,2705.6,SPX181221P02520000,,put,2018-12-21,2018-10-25,2520.0,28.0,32.9,33.6,6,142,0.245,-0.2138,0.0011,-243.0523,309.1633,0.9314015375517446,0.15616438356164383,0.00675389827057335,2708.4551514206164,33.25
369,SPX,2705.6,SPX181221C02525000,,call,2018-12-21,2018-10-25,2525.0,199.88,199.1,203.4,34,10805,0.1499,0.8837,0.0012,-100.3625,203.3877,0.9332495564754584,0.15616438356164383,-0.0008114022150226986,2705.2571893895097,201.25
370,SPX,2705.6,SPX181221P02525000,,put,2018-12-21,2018-10-25,2525.0,29.83,33.6,34.4,974,14321,0.2435,-0.2187,0.0011,-244.6547,313.1661,0.9332495564754584,0.15616438356164383,0.006502977033107819,2708.3490227921766,34.0
371,SPX,2705.6,SPX181221P02530000,,put,2018-12-21,2018-10-25,2530.0,28.1,34.6,35.3,22,845,0.2425,-0.224,0.0012,-246.9851,317.5013,0.9350975753991722,0.15616438356164383,0.006502405865997003,2708.348781218397,34.95
372,SPX,2705.6,SPX181221P02540000,,put,2018-12-21,2018-10-25,2540.0,29.55,36.3,37.0,25,1886,0.2398,-0.2344,0.0012,-250.4476,325.6827,0.9387936132465997,0.15616438356164383,0.006403467525323447,2708.3069358061616,36.65
373,SPX,2705.6,SPX181221P02545000,,put,2018-12-21,2018-10-25,2545.0,30.6,37.2,37.9,5,421,0.2384,-0.2397,0.0012,-252.0355,329.7282,0.9406416321703135,0.15616438356164383,0.006409473198197745,2708.309475853143,37.55
374,SPX,2705.6,SPX181221C02550000,,call,2018-12-21,2018-10-25,2550.0,179.5,178.7,182.9,30,12619,0.1499,0.8484,0.0014,-121.1065,245.5385,0.9424896510940273,0.15616438356164383,3.350290906853175e-05,2705.614155631097,180.8
375,SPX,2705.6,SPX181221P02550000,,put,2018-12-21,2018-10-25,2550.0,32.7,38.1,38.9,2230,46140,0.2372,-0.2453,0.0012,-253.8771,333.8754,0.9424896510940273,0.15616438356164383,0.006363237206510962,2708.2899208049976,38.5
376,SPX,2705.6,SPX181221P02555000,,put,2018-12-21,2018-10-25,2555.0,35.9,39.1,39.9,143,366,0.236,-0.2511,0.0013,-255.6654,337.997,0.944337670017741,0.15616438356164383,0.0061551647899745,2708.201920414384,39.5
377,SPX,2705.6,SPX181221P02560000,,put,2018-12-21,2018-10-25,2560.0,36.35,40.1,40.9,183,550,0.2348,-0.2569,0.0013,-257.3975,342.0887,0.9461856889414548,0.15616438356164383,0.006164645463016136,2708.205930027997,40.5
378,SPX,2705.6,SPX181221C02570000,,call,2018-12-21,2018-10-25,2570.0,164.0,164.4,165.8,15,30,0.1499,0.8157,0.0017,-137.7553,279.4725,0.9498817267888824,0.15616438356164383,0.0005606876472270591,2705.8369111947827,165.10000000000002
379,SPX,2705.6,SPX181221C02575000,,call,2018-12-21,2018-10-25,2575.0,170.0,159.1,162.9,65,14753,0.1499,0.8069,0.0017,-141.8499,287.8314,0.9517297457125962,0.15616438356164383,0.0006523205176761169,2705.8756314317634,161.0
380,SPX,2705.6,SPX181221P02575000,,put,2018-12-21,2018-10-25,2575.0,40.38,43.1,44.0,259,31303,0.2308,-0.2748,0.0014,-261.6345,353.9547,0.9517297457125962,0.15616438356164383,0.006025168979223217,2708.1469425353175,43.55
381,SPX,2705.6,SPX181221C02580000,,call,2018-12-21,2018-10-25,2580.0,155.0,156.6,158.0,15,15,0.1499,0.7978,0.0017,-145.8986,296.1016,0.9535777646363099,0.15616438356164383,0.0006550243805400809,2705.876773980082,157.3
382,SPX,2705.6,SPX181221P02580000,,put,2018-12-21,2018-10-25,2580.0,40.8,44.3,45.1,3,923,0.2297,-0.2812,0.0014,-263.2602,357.9334,0.9535777646363099,0.15616438356164383,0.005944822269050937,2708.1129628313515,44.7
383,SPX,2705.6,SPX181221C02585000,,call,2018-12-21,2018-10-25,2585.0,153.3,152.8,154.1,15,0,0.1499,0.7885,0.0018,-149.8917,304.2634,0.9554257835600237,0.15616438356164383,0.0007015884031688676,2705.89645021852,153.45
384,SPX,2705.6,SPX181221P02585000,,put,2018-12-21,2018-10-25,2585.0,41.8,45.4,46.2,3184,717,0.2283,-0.2875,0.0014,-264.3733,361.7295,0.9554257835600237,0.15616438356164383,0.005878638473176941,2708.084973134502,45.8
385,SPX,2705.6,SPX181221P02590000,,put,2018-12-21,2018-10-25,2590.0,38.48,46.5,47.4,60,182,0.2271,-0.2941,0.0014,-265.7051,365.5535,0.9572738024837375,0.15616438356164383,0.005756712314377244,2708.0334102700162,46.95
386,SPX,2705.6,SPX181221C02595000,,call,2018-12-21,2018-10-25,2595.0,131.1,145.2,146.5,14,44,0.1499,0.7693,0.0019,-157.6731,320.1825,0.9591218214074513,0.15616438356164383,0.0008894131425937635,2705.975819478014,145.85
387,SPX,2705.6,SPX181221P02595000,,put,2018-12-21,2018-10-25,2595.0,41.35,47.7,48.6,22,1292,0.2259,-0.3008,0.0014,-266.9581,369.3127,0.9591218214074513,0.15616438356164383,0.005675808310899574,2707.999196315102,48.150000000000006
388,SPX,2705.6,SPX181221C02600000,,call,2018-12-21,2018-10-25,2600.0,144.95,140.2,143.7,32,38114,0.1499,0.7593,0.0019,-161.4422,327.9006,0.9609698403311651,0.15616438356164383,0.0008911294568675898,2705.9765447531263,141.95
389,SPX,2705.6,SPX181221P02600000,,put,2018-12-21,2018-10-25,2600.0,45.78,48.9,49.8,6006,78235,0.2246,-0.3075,0.0015,-267.9843,372.9669,0.9609698403311651,0.15616438356164383,0.005692373586937263,2708.00620166386,49.349999999999994
390,SPX,2705.6,SPX181221P02605000,,put,2018-12-21,2018-10-25,2605.0,43.45,50.2,51.1,30,456,0.2235,-0.3145,0.0015,-269.2134,376.6128,0.9628178592548788,0.15616438356164383,0.0056350454991962486,2707.981958061213,50.650000000000006
391,SPX,2705.6,SPX181221C02610000,,call,2018-12-21,2018-10-25,2610.0,129.15,134.0,135.3,10,6,0.1499,0.7387,0.002,-168.6906,342.7572,0.9646658781785926,0.15616438356164383,0.0009267301711699885,2705.9915888436553,134.65
392,SPX,2705.6,SPX181221P02610000,,put,2018-12-21,2018-10-25,2610.0,44.45,51.5,52.4,37,308,0.2223,-0.3216,0.0015,-270.2088,380.1417,0.9646658781785926,0.15616438356164383,0.00551693237934265,2707.932009625258,51.95
393,SPX,2705.6,SPX181221P02615000,,put,2018-12-21,2018-10-25,2615.0,49.55,52.8,53.7,27,1330,0.221,-0.3287,0.0015,-270.969,383.5545,0.9665138971023064,0.15616438356164383,0.0055064101058275375,2707.9275599432367,53.25
394,SPX,2705.6,SPX181221P02620000,,put,2018-12-21,2018-10-25,2620.0,53.6,54.1,55.1,413,3235,0.2198,-0.336,0.0016,-271.7756,386.9011,0.9683619160260202,0.15616438356164383,0.0054759360349279015,2707.9146730427833,54.6
395,SPX,2705.6,SPX181221C02625000,,call,2018-12-21,2018-10-25,2625.0,137.5,123.0,124.3,2,9342,0.1499,0.7064,0.0021,-178.7032,363.3134,0.970209934949734,0.15616438356164383,0.0010393487937595085,2706.039179584314,123.65
396,SPX,2705.6,SPX181221P02625000,,put,2018-12-21,2018-10-25,2625.0,52.15,55.4,56.4,4806,29549,0.2184,-0.3434,0.0016,-272.2001,390.1005,0.970209934949734,0.15616438356164383,0.005325853237617344,2707.8512067993743,55.9
397,SPX,2705.6,SPX181221P02630000,,put,2018-12-21,2018-10-25,2630.0,49.37,56.9,57.9,32,4111,0.2174,-0.3511,0.0016,-273.0845,393.2804,0.9720579538734477,0.15616438356164383,0.00523920025740111,2707.8145641089673,57.4
398,SPX,2705.6,SPX181221P02635000,,put,2018-12-21,2018-10-25,2635.0,59.4,58.4,59.4,48,2975,0.2163,-0.3588,0.0016,-273.7193,396.3174,0.9739059727971615,0.15616438356164383,0.005254338724726311,2707.82096563229,58.9
399,SPX,2705.6,SPX181221C02640000,,call,2018-12-21,2018-10-25,2640.0,118.6,112.5,113.8,16,19,0.1499,0.6725,0.0023,-187.4815,381.377,0.9757539917208753,0.15616438356164383,0.001084583143891463,2706.0582950974517,113.15
400,SPX,2705.6,SPX181221P02640000,,put,2018-12-21,2018-10-25,2640.0,54.25,59.9,60.9,131,1151,0.2151,-0.3666,0.0016,-274.1026,399.2109,0.9757539917208753,0.15616438356164383,0.0052345914207817465,2707.8126151976944,60.4
401,SPX,2705.6,SPX181221C02645000,,call,2018-12-21,2018-10-25,2645.0,110.8,109.1,110.4,23,25,0.1499,0.6609,0.0023,-190.0975,386.7703,0.9776020106445891,0.15616438356164383,0.0010981265205019866,2706.0640183980177,109.75
402,SPX,2705.6,SPX181221P02645000,,put,2018-12-21,2018-10-25,2645.0,60.5,61.5,62.5,145,246,0.2141,-0.3747,0.0017,-274.6483,402.0016,0.9776020106445891,0.15616438356164383,0.0050864499542909655,2707.749972245829,62.0
403,SPX,2705.6,SPX181221C02650000,,call,2018-12-21,2018-10-25,2650.0,118.3,105.7,107.0,749,19225,0.1499,0.6491,0.0023,-192.5472,391.8258,0.9794500295683028,0.15616438356164383,0.0010423103974536857,2706.0404311196467,106.35
404,SPX,2705.6,SPX181221P02650000,,put,2018-12-21,2018-10-25,2650.0,61.3,63.0,64.1,2762,64873,0.2128,-0.3827,0.0017,-274.6595,404.6109,0.9794500295683028,0.15616438356164383,0.005080276024898519,2707.7473615756985,63.55
405,SPX,2705.6,SPX181221P02655000,,put,2018-12-21,2018-10-25,2655.0,55.25,64.7,65.7,32,836,0.2117,-0.3909,0.0017,-274.8249,407.0986,0.9812980484920166,0.15616438356164383,0.005077256072936156,2707.7460845781457,65.2
406,SPX,2705.6,SPX181221C02660000,,call,2018-12-21,2018-10-25,2660.0,117.65,99.1,100.3,269,750,0.1499,0.6253,0.0024,-196.9231,400.8735,0.9831460674157304,0.15616438356164383,0.001088651518614897,2706.0600143521697,99.69999999999999
407,SPX,2705.6,SPX181221P02660000,,put,2018-12-21,2018-10-25,2660.0,60.15,66.5,67.4,277,2875,0.2108,-0.3993,0.0017,-275.1379,409.4462,0.9831460674157304,0.15616438356164383,0.005047902130691007,2707.7336721894326,66.95
408,SPX,2705.6,SPX181221C02665000,,call,2018-12-21,2018-10-25,2665.0,100.0,96.0,97.1,5,1261,0.1499,0.6132,0.0024,-198.8385,404.8432,0.9849940863394442,0.15616438356164383,0.0010661331576408486,2706.050498330368,96.55
409,SPX,2705.6,SPX181221P02665000,,put,2018-12-21,2018-10-25,2665.0,75.95,68.2,69.2,6,2569,0.2097,-0.4078,0.0017,-275.0464,411.6101,0.9849940863394442,0.15616438356164383,0.00494574143432271,2707.6904737242185,68.7
410,SPX,2705.6,SPX181221C02670000,,call,2018-12-21,2018-10-25,2670.0,102.4,92.8,93.9,1212,1161,0.1499,0.601,0.0024,-200.566,408.4302,0.986842105263158,0.15616438356164383,0.0010319329857295268,2706.036045762503,93.35
411,SPX,2705.6,SPX181221P02670000,,put,2018-12-21,2018-10-25,2670.0,62.47,69.8,70.9,1163,5383,0.2083,-0.4163,0.0018,-274.413,413.5873,0.986842105263158,0.15616438356164383,0.004903135429659672,2707.672458056048,70.35
412,SPX,2705.6,SPX181221C02675000,,call,2018-12-21,2018-10-25,2675.0,98.02,89.5,90.7,15148,16913,0.1499,0.5887,0.0024,-202.1014,411.6262,0.9886901241868717,0.15616438356164383,0.000974768025576481,2706.011888732698,90.1
413,SPX,2705.6,SPX181221P02675000,,put,2018-12-21,2018-10-25,2675.0,64.68,71.6,72.8,16432,29481,0.2073,-0.425,0.0018,-274.1894,415.4092,0.9886901241868717,0.15616438356164383,0.004884766988293435,2707.6646911186976,72.19999999999999
414,SPX,2705.6,SPX181221C02680000,,call,2018-12-21,2018-10-25,2680.0,94.85,86.6,87.6,4451,1032,0.1499,0.5764,0.0024,-203.4415,414.4239,0.9905381431105855,0.15616438356164383,0.0009802926748046347,2706.0142233547735,87.1
415,SPX,2705.6,SPX181221P02680000,,put,2018-12-21,2018-10-25,2680.0,72.6,73.5,74.7,7684,3136,0.2063,-0.4339,0.0018,-273.8259,417.0422,0.9905381431105855,0.15616438356164383,0.004738932779697842,2707.603027169282,74.1
416,SPX,2705.6,SPX181221C02685000,,call,2018-12-21,2018-10-25,2685.0,95.9,83.5,84.5,4468,1102,0.1499,0.564,0.0025,-204.5832,416.8171,0.9923861620342993,0.15616438356164383,0.0009393537582549263,2705.9969233181378,84.0
417,SPX,2705.6,SPX181221P02685000,,put,2018-12-21,2018-10-25,2685.0,65.66,75.4,76.6,4511,5092,0.2053,-0.4428,0.0018,-273.3197,418.4792,0.9923861620342993,0.15616438356164383,0.004728777594827767,2707.598733244112,76.0
418,SPX,2705.6,SPX181221C02690000,,call,2018-12-21,2018-10-25,2690.0,89.45,80.5,81.5,6007,2144,0.1499,0.5516,0.0025,-205.5243,418.801,0.9942341809580131,0.15616438356164383,0.0009368420259363488,2705.9958619096456,81.0
419,SPX,2705.6,SPX181221P02690000,,put,2018-12-21,2018-10-25,2690.0,75.45,77.5,78.5,7197,3694,0.2043,-0.4518,0.0018,-272.6682,419.7133,0.9942341809580131,0.15616438356164383,0.004716952172309087,2707.593733099565,78.0
420,SPX,2705.6,SPX181221C02695000,,call,2018-12-21,2018-10-25,2695.0,92.7,77.6,78.6,6319,2877,0.1499,0.5392,0.0025,-206.2631,420.3721,0.9960821998817269,0.15616438356164383,0.0009605737258459156,2706.0058904741463,78.1
421,SPX,2705.6,SPX181221P02695000,,put,2018-12-21,2018-10-25,2695.0,69.3,79.5,80.6,6311,5266,0.2034,-0.4609,0.0018,-272.0043,420.7381,0.9960821998817269,0.15616438356164383,0.0047043040116730855,2707.5883850868,80.05
422,SPX,2705.6,SPX181221C02700000,,call,2018-12-21,2018-10-25,2700.0,78.0,74.5,75.6,14998,32545,0.1499,0.5267,0.0025,-206.7987,421.5279,0.9979302188054406,0.15616438356164383,0.0009034061186984233,2705.9817325949784,75.05
423,SPX,2705.6,SPX181221P02700000,,put,2018-12-21,2018-10-25,2700.0,78.9,81.4,82.7,14955,68576,0.2022,-0.4701,0.0018,-270.7839,421.546,0.9979302188054406,0.15616438356164383,0.004674711571398694,2707.5758725775977,82.05000000000001
424,SPX,2705.6,SPX181221C02705000,,call,2018-12-21,2018-10-25,2705.0,77.5,71.8,72.8,3977,4971,0.1499,0.5142,0.0025,-207.1305,422.2674,0.9997782377291544,0.15616438356164383,0.0008493474751322116,2705.958888699587,72.3
425,SPX,2705.6,SPX181221P02705000,,put,2018-12-21,2018-10-25,2705.0,78.5,83.6,84.8,4028,5144,0.2014,-0.4794,0.0019,-269.9529,422.1306,0.9997782377291544,0.15616438356164383,0.004626859755032818,2707.5556396172046,84.19999999999999
426,SPX,2705.6,SPX181221C02710000,,call,2018-12-21,2018-10-25,2710.0,71.0,69.1,70.0,5446,7988,0.1499,0.5018,0.0025,-207.2587,422.5906,1.0016262566528682,0.15616438356164383,0.0008817759227370461,2705.9725921661334,69.55
427,SPX,2705.6,SPX181221P02710000,,put,2018-12-21,2018-10-25,2710.0,80.0,85.7,87.0,5226,8218,0.2003,-0.4888,0.0019,-268.561,422.4866,1.0016262566528682,0.15616438356164383,0.004576885926082606,2707.534509577526,86.35
428,SPX,2705.6,SPX181221C02715000,,call,2018-12-21,2018-10-25,2715.0,75.5,66.2,67.3,3708,4311,0.1499,0.4893,0.0025,-207.184,422.4989,1.003474275576582,0.15616438356164383,0.0007989442447156672,2705.93758966847,66.75
429,SPX,2705.6,SPX181221P02715000,,put,2018-12-21,2018-10-25,2715.0,77.5,88.0,89.2,3591,4041,0.1995,-0.4983,0.0019,-267.4205,422.6067,1.003474275576582,0.15616438356164383,0.004460127244384635,2707.4851420683685,88.6
430,SPX,2705.6,SPX181221C02720000,,call,2018-12-21,2018-10-25,2720.0,73.0,63.6,64.6,6233,6469,0.1499,0.4769,0.0025,-206.9077,421.995,1.0053222945002958,0.15616438356164383,0.0007796352449963347,2705.9294302559906,64.1
431,SPX,2705.6,SPX181221P02720000,,put,2018-12-21,2018-10-25,2720.0,79.0,90.2,91.5,5839,7067,0.1985,-0.5078,0.0019,-265.851,422.4861,1.0053222945002958,0.15616438356164383,0.004468271246529602,2707.488585458487,90.85
432,SPX,2705.6,SPX181221C02725000,,call,2018-12-21,2018-10-25,2725.0,74.0,61.0,61.9,1351,28737,0.1499,0.4645,0.0025,-206.4319,421.0824,1.0071703134240095,0.15616438356164383,0.0007173731808958334,2705.903120315834,61.45
433,SPX,2705.6,SPX181221P02725000,,put,2018-12-21,2018-10-25,2725.0,84.5,92.6,93.9,256,41947,0.1977,-0.5174,0.0019,-264.396,422.1212,1.0071703134240095,0.15616438356164383,0.004381761369040751,2707.4520081799947,93.25
434,SPX,2705.6,SPX181221C02730000,,call,2018-12-21,2018-10-25,2730.0,54.78,58.4,59.3,5,4233,0.1499,0.4522,0.0025,-205.7589,419.7661,1.0090183323477233,0.15616438356164383,0.000696392107991179,2705.894254448752,58.849999999999994
435,SPX,2705.6,SPX181221P02730000,,put,2018-12-21,2018-10-25,2730.0,81.15,95.0,96.3,96,4486,0.1969,-0.527,0.0019,-262.783,421.5079,1.0090183323477233,0.15616438356164383,0.004357916862458854,2707.4419265607867,95.65
436,SPX,2705.6,SPX181221C02735000,,call,2018-12-21,2018-10-25,2735.0,59.3,55.9,56.8,146,5981,0.1499,0.44,0.0025,-204.8917,418.0522,1.010866351271437,0.15616438356164383,0.0007061435161884958,2705.8983750489483,56.349999999999994
437,SPX,2705.6,SPX181221P02735000,,put,2018-12-21,2018-10-25,2735.0,96.4,97.5,98.8,104,6744,0.1961,-0.5366,0.0019,-261.0116,420.6428,1.010866351271437,0.15616438356164383,0.004389976855370344,2707.455481752066,98.15
438,SPX,2705.6,SPX181221C02740000,,call,2018-12-21,2018-10-25,2740.0,60.2,53.4,54.4,98,10626,0.1499,0.4278,0.0025,-203.834,415.9477,1.0127143701951509,0.15616438356164383,0.0006396727946991303,2705.8702869975136,53.9
439,SPX,2705.6,SPX181221P02740000,,put,2018-12-21,2018-10-25,2740.0,98.65,100.0,101.4,126,11967,0.1954,-0.5463,0.0019,-259.2203,419.5277,1.0127143701951509,0.15616438356164383,0.004297525747740245,2707.4163929555707,100.7
440,SPX,2705.6,SPX181221C02745000,,call,2018-12-21,2018-10-25,2745.0,51.97,51.1,52.0,497,6781,0.1499,0.4157,0.0024,-202.5896,413.4607,1.0145623891188646,0.15616438356164383,0.0005823761948162108,2705.8460758221904,51.55
441,SPX,2705.6,SPX181221P02745000,,put,2018-12-21,2018-10-25,2745.0,87.76,102.6,104.0,3,6499,0.1947,-0.5559,0.0019,-257.2723,418.1583,1.0145623891188646,0.15616438356164383,0.004360244118668678,2707.442910538853,103.3
442,SPX,2705.6,SPX181221C02750000,,call,2018-12-21,2018-10-25,2750.0,53.3,48.6,49.7,3467,31937,0.1499,0.4038,0.0024,-201.1633,410.6005,1.0164104080425784,0.15616438356164383,0.0006219503747652618,2705.8627982120897,49.150000000000006
443,SPX,2705.6,SPX181221P02750000,,put,2018-12-21,2018-10-25,2750.0,90.25,105.3,106.6,505,51787,0.1939,-0.5657,0.0019,-255.0284,416.5239,1.0164104080425784,0.15616438356164383,0.004258177902364709,2707.399756658489,105.94999999999999
444,SPX,2705.6,SPX181221C02755000,,call,2018-12-21,2018-10-25,2755.0,47.14,46.5,47.4,505,11162,0.1499,0.3919,0.0024,-199.5599,407.377,1.0182584269662922,0.15616438356164383,0.0005530925828135854,2705.83370186156,46.95
445,SPX,2705.6,SPX181221C02760000,,call,2018-12-21,2018-10-25,2760.0,48.7,44.4,45.2,405,11852,0.1499,0.3801,0.0024,-197.7848,403.8012,1.020106445890006,0.15616438356164383,0.00046286110357028794,2705.795574380822,44.8
446,SPX,2705.6,SPX181221P02760000,,put,2018-12-21,2018-10-25,2760.0,99.96,110.7,112.1,886,15012,0.1925,-0.5851,0.0019,-250.3552,412.496,1.020106445890006,0.15616438356164383,0.004235107900728844,2707.3900026928854,111.4
447,SPX,2705.6,SPX181221C02765000,,call,2018-12-21,2018-10-25,2765.0,46.6,42.2,43.0,29,16436,0.1499,0.3685,0.0024,-195.8439,399.885,1.0219544648137198,0.15616438356164383,0.0004415822699772379,2705.786583048078,42.6
448,SPX,2705.6,SPX181221P02765000,,put,2018-12-21,2018-10-25,2765.0,97.6,113.6,115.0,751,16970,0.192,-0.5947,0.0019,-248.0752,410.1282,1.0219544648137198,0.15616438356164383,0.004195482237815306,2707.3732490980196,114.3
449,SPX,2705.6,SPX181221C02770000,,call,2018-12-21,2018-10-25,2770.0,43.0,40.2,40.9,91,16875,0.1499,0.357,0.0023,-193.7433,395.6408,1.0238024837374335,0.15616438356164383,0.0003804226995808742,2705.7607403482966,40.55
450,SPX,2705.6,SPX181221P02770000,,put,2018-12-21,2018-10-25,2770.0,110.0,116.5,117.9,577,18737,0.1915,-0.6042,0.0019,-245.6494,407.5145,1.0238024837374335,0.15616438356164383,0.0042516943840151915,2707.3970154321178,117.2
451,SPX,2705.6,SPX181221C02775000,,call,2018-12-21,2018-10-25,2775.0,40.9,38.1,38.9,6018,54011,0.1499,0.3457,0.0023,-191.4896,391.0819,1.0256505026611473,0.15616438356164383,0.00037196969658768834,2705.757168589538,38.5
452,SPX,2705.6,SPX181221P02775000,,put,2018-12-21,2018-10-25,2775.0,112.7,118.1,122.1,1660,56419,0.1908,-0.6139,0.0019,-242.7905,404.6111,1.0256505026611473,0.15616438356164383,0.004203350887367566,2707.3765759279113,120.1
453,SPX,2705.6,SPX181221C02780000,,call,2018-12-21,2018-10-25,2780.0,45.8,36.2,36.9,51,12420,0.1499,0.3345,0.0023,-189.0896,386.2223,1.027498521584861,0.15616438356164383,0.00030540306112257325,2705.729041476521,36.55
454,SPX,2705.6,SPX181221P02780000,,put,2018-12-21,2018-10-25,2780.0,115.55,122.4,123.9,560,12367,0.1903,-0.6234,0.0019,-240.0788,401.5059,1.027498521584861,0.15616438356164383,0.004189905359636783,2707.3708912213056,123.15
455,SPX,2705.6,SPX181221C02785000,,call,2018-12-21,2018-10-25,2785.0,43.6,34.4,35.0,68,11991,0.1499,0.3235,0.0023,-186.5503,381.0762,1.0293465405085749,0.15616438356164383,0.0002757898856007041,2705.7165287984562,34.7
456,SPX,2705.6,SPX181221P02785000,,put,2018-12-21,2018-10-25,2785.0,124.13,125.5,127.0,36,13213,0.1899,-0.6328,0.0019,-237.3771,398.1929,1.0293465405085749,0.15616438356164383,0.004146686491103207,2707.352618565497,126.25
457,SPX,2705.6,SPX181221C02790000,,call,2018-12-21,2018-10-25,2790.0,35.0,32.5,33.2,3914,7383,0.1499,0.3127,0.0022,-183.8792,375.6588,1.0311945594322887,0.15616438356164383,0.0002768208812607975,2705.716964431844,32.85
458,SPX,2705.6,SPX181221P02790000,,put,2018-12-21,2018-10-25,2790.0,126.6,128.7,130.2,45,7591,0.1896,-0.642,0.0018,-234.6926,394.6873,1.0311945594322887,0.15616438356164383,0.00417745775289604,2707.365628441695,129.45
459,SPX,2705.6,SPX181221C02795000,,call,2018-12-21,2018-10-25,2795.0,38.55,30.8,31.5,14,9710,0.1499,0.302,0.0022,-181.0837,369.9854,1.0330425783560024,0.15616438356164383,0.0001937021331706347,2705.6818439447507,31.15
460,SPX,2705.6,SPX181221P02795000,,put,2018-12-21,2018-10-25,2795.0,112.6,131.9,133.5,408,9824,0.1893,-0.6512,0.0018,-231.883,390.9677,1.0330425783560024,0.15616438356164383,0.004118980956022755,2707.340904910788,132.7
461,SPX,2705.6,SPX181221C02800000,,call,2018-12-21,2018-10-25,2800.0,33.4,28.9,29.8,2739,57447,0.1499,0.2915,0.0021,-178.1717,364.0718,1.0348905972797162,0.15616438356164383,0.00012588648113893812,2705.6531898719018,29.35
462,SPX,2705.6,SPX181221P02800000,,put,2018-12-21,2018-10-25,2800.0,120.37,133.6,138.2,1589,80081,0.1887,-0.6606,0.0018,-228.4992,386.9122,1.0348905972797162,0.15616438356164383,0.00407233927272092,2707.3211853348967,135.89999999999998
463,SPX,2705.6,SPX181221C02805000,,call,2018-12-21,2018-10-25,2805.0,31.6,27.5,28.1,22,8169,0.1499,0.2812,0.0021,-175.1508,357.934,1.03673861620343,0.15616438356164383,6.745408324058087e-05,2705.628500738479,27.8
464,SPX,2705.6,SPX181221C02810000,,call,2018-12-21,2018-10-25,2810.0,31.05,25.8,26.5,9,5656,0.1499,0.2711,0.0021,-172.0293,351.5884,1.0385866351271438,0.15616438356164383,1.2678090781119075e-05,2705.6053567313793,26.15
465,SPX,2705.6,SPX181221P02810000,,put,2018-12-21,2018-10-25,2810.0,133.5,141.8,143.6,7,6631,0.1883,-0.6783,0.0018,-222.5921,378.5312,1.0385866351271438,0.15616438356164383,0.004119424804442801,2707.341092565567,142.7
466,SPX,2705.6,SPX181221C02815000,,call,2018-12-21,2018-10-25,2815.0,30.2,24.4,25.0,12,9973,0.1499,0.2612,0.002,-168.815,345.0514,1.0404346540508576,0.15616438356164383,-4.399399601134196e-05,2705.581411792977,24.7
467,SPX,2705.6,SPX181221C02820000,,call,2018-12-21,2018-10-25,2820.0,25.6,23.0,23.6,263,2498,0.1499,0.2516,0.002,-165.5161,338.3395,1.0422826729745713,0.15616438356164383,1.1021515610141336e-05,2705.6046567966655,23.3
468,SPX,2705.6,SPX181221P02820000,,put,2018-12-21,2018-10-25,2820.0,146.5,148.9,150.6,20,2561,0.1881,-0.6954,0.0017,-216.578,369.5482,1.0422826729745713,0.15616438356164383,0.004165330702589492,2707.360501201419,149.75
469,SPX,2705.6,SPX181221C02825000,,call,2018-12-21,2018-10-25,2825.0,25.0,21.5,22.3,27753,23087,0.1491,0.2408,0.002,-160.826,330.5312,1.0441306918982851,0.15616438356164383,-9.981956246265383e-05,2705.5578247312756,21.9
470,SPX,2705.6,SPX181221P02825000,,put,2018-12-21,2018-10-25,2825.0,153.6,150.7,155.9,16,16068,0.1879,-0.7039,0.0017,-213.272,364.7532,1.0441306918982851,0.15616438356164383,0.004186926141125903,2707.3696316231876,153.3
471,SPX,2705.6,SPX181221C02830000,,call,2018-12-21,2018-10-25,2830.0,26.2,20.2,20.9,11,3113,0.1484,0.2304,0.0019,-156.2122,322.5796,1.045978710821999,0.15616438356164383,-0.00011787230743172394,2705.5501972447987,20.549999999999997
472,SPX,2705.6,SPX181221P02830000,,put,2018-12-21,2018-10-25,2830.0,143.8,156.1,157.9,23,2745,0.188,-0.712,0.0017,-210.3524,360.0086,1.045978710821999,0.15616438356164383,0.004135334316870378,2707.3478189607044,157.0
473,SPX,2705.6,SPX181221C02835000,,call,2018-12-21,2018-10-25,2835.0,21.6,19.0,19.6,4010,776,0.1477,0.2202,0.0019,-151.5219,314.3931,1.0478267297457127,0.15616438356164383,-0.00010733352934962949,2705.55464999369,19.3
474,SPX,2705.6,SPX181221P02835000,,put,2018-12-21,2018-10-25,2835.0,138.56,159.8,161.6,18,894,0.188,-0.72,0.0017,-207.1952,355.0679,1.0478267297457127,0.15616438356164383,0.004209425284536345,2707.3791441587036,160.7
475,SPX,2705.6,SPX181221C02840000,,call,2018-12-21,2018-10-25,2840.0,23.2,17.8,18.4,18,1917,0.147,0.2101,0.0018,-146.7656,305.99,1.0496747486694264,0.15616438356164383,-0.00020831791387709506,2705.5119832891496,18.1
476,SPX,2705.6,SPX181221C02845000,,call,2018-12-21,2018-10-25,2845.0,16.37,16.6,17.3,4,4864,0.1464,0.2004,0.0018,-142.1233,297.5425,1.0515227675931402,0.15616438356164383,-0.00027254051075870263,2705.4848490818995,16.950000000000003
477,SPX,2705.6,SPX181221P02845000,,put,2018-12-21,2018-10-25,2845.0,163.58,167.4,169.2,201,4882,0.188,-0.7357,0.0016,-200.6607,344.8253,1.0515227675931402,0.15616438356164383,0.004253200507072497,2707.397652219494,168.3
478,SPX,2705.6,SPX181221C02850000,,call,2018-12-21,2018-10-25,2850.0,18.12,15.4,16.1,32001,48018,0.1453,0.1901,0.0018,-136.5884,288.1286,1.053370786516854,0.15616438356164383,-0.0002565817995443878,2705.491591651753,15.75
479,SPX,2705.6,SPX181221P02850000,,put,2018-12-21,2018-10-25,2850.0,167.46,169.3,175.1,435,33152,0.188,-0.7434,0.0016,-197.2935,339.5399,1.053370786516854,0.15616438356164383,0.004213506469608504,2707.3808696687734,172.2
480,SPX,2705.6,SPX181221C02855000,,call,2018-12-21,2018-10-25,2855.0,15.63,14.5,15.2,8,3066,0.1452,0.1817,0.0017,-132.7217,280.1871,1.0552188054405678,0.15616438356164383,-0.00032473893081147107,2705.462795319807,14.85
481,SPX,2705.6,SPX181221P02855000,,put,2018-12-21,2018-10-25,2855.0,171.34,175.2,177.1,201,4885,0.188,-0.7509,0.0016,-193.8665,334.1561,1.0552188054405678,0.15616438356164383,0.004276374763712818,2707.4074502917365,176.14999999999998
482,SPX,2705.6,SPX181221C02860000,,call,2018-12-21,2018-10-25,2860.0,15.5,13.6,14.2,229,4672,0.1447,0.1728,0.0017,-128.1547,271.4969,1.0570668243642816,0.15616438356164383,-0.0004396677285041454,2705.4142386913936,13.899999999999999
483,SPX,2705.6,SPX181221P02860000,,put,2018-12-21,2018-10-25,2860.0,162.35,179.2,181.2,20,6611,0.188,-0.7583,0.0015,-190.3847,328.6823,1.0570668243642816,0.15616438356164383,0.0042918038629931425,2707.4139737322676,180.2
484,SPX,2705.6,SPX181221C02865000,,call,2018-12-21,2018-10-25,2865.0,12.6,12.7,13.3,5,943,0.1443,0.1644,0.0016,-123.749,262.9068,1.0589148432879953,0.15616438356164383,-0.00042925139892422033,2705.4186394832536,13.0
485,SPX,2705.6,SPX181221C02870000,,call,2018-12-21,2018-10-25,2870.0,14.85,11.9,12.5,33,5551,0.144,0.1564,0.0016,-119.5147,254.4573,1.0607628622117091,0.15616438356164383,-0.000442202935005475,2705.4131675938665,12.2
486,SPX,2705.6,SPX181221C02875000,,call,2018-12-21,2018-10-25,2875.0,12.67,11.2,11.7,10570,43177,0.1438,0.1488,0.0015,-115.4608,246.1854,1.062610881135423,0.15616438356164383,-0.00048435135365063227,2705.395360401656,11.45
487,SPX,2705.6,SPX181221C02880000,,call,2018-12-21,2018-10-25,2880.0,11.89,10.4,10.9,1314,15809,0.1433,0.1409,0.0015,-110.911,237.3228,1.0644589000591367,0.15616438356164383,-0.0005474652246234401,2705.368695781003,10.65
488,SPX,2705.6,SPX181221C02885000,,call,2018-12-21,2018-10-25,2885.0,11.11,9.6,10.1,693,9737,0.1426,0.1329,0.0014,-106.0481,228.0422,1.0663069189828505,0.15616438356164383,-0.000605232270885844,2705.3442903402897,9.85
489,SPX,2705.6,SPX181221C02890000,,call,2018-12-21,2018-10-25,2890.0,10.92,9.0,9.4,72,13376,0.1423,0.1258,0.0014,-101.9034,219.6057,1.0681549379065642,0.15616438356164383,-0.0007590868939969173,2705.2792908625433,9.2
490,SPX,2705.6,SPX181221C02895000,,call,2018-12-21,2018-10-25,2895.0,10.3,8.4,8.8,15,9978,0.1422,0.1194,0.0013,-98.1381,211.655,1.070002956830278,0.15616438356164383,-0.0007276151301511095,2705.2925867169306,8.600000000000001
491,SPX,2705.6,SPX181221C02900000,,call,2018-12-21,2018-10-25,2900.0,8.1,7.8,8.2,5592,81115,0.1418,0.1127,0.0013,-93.9153,203.1307,1.0718509757539918,0.15616438356164383,-0.0007369235522766918,2705.2886541874436,8.0
492,SPX,2705.6,SPX181221P02900000,,put,2018-12-21,2018-10-25,2900.0,204.5,210.8,217.7,164,54591,0.188,-0.8124,0.0013,-161.1483,282.6127,1.0718509757539918,0.15616438356164383,0.004776856930132741,2707.619062729198,214.25
493,SPX,2705.6,SPX181221C02905000,,call,2018-12-21,2018-10-25,2905.0,7.65,7.3,7.7,127,12505,0.1418,0.1069,0.0012,-90.4151,195.5743,1.0736989946777056,0.15616438356164383,-0.000790234870626353,2705.2661318626588,7.5
494,SPX,2705.6,SPX181221C02910000,,call,2018-12-21,2018-10-25,2910.0,7.15,6.7,7.2,609,19002,0.1416,0.101,0.0012,-86.6391,187.6831,1.0755470136014194,0.15616438356164383,-0.0008342012049655269,2705.247557635443,6.95
495,SPX,2705.6,SPX181221P02910000,,put,2018-12-21,2018-10-25,2910.0,210.8,219.6,226.7,20,18447,0.188,-0.8245,0.0013,-153.6289,270.7459,1.0755470136014194,0.15616438356164383,0.004994898507737926,2707.711259617551,223.14999999999998
496,SPX,2705.6,SPX181221C02915000,,call,2018-12-21,2018-10-25,2915.0,7.0,6.3,6.7,865,17272,0.1416,0.0956,0.0011,-83.2531,180.3607,1.0773950325251331,0.15616438356164383,-0.001007497157985402,2705.174347442905,6.5
497,SPX,2705.6,SPX181221P02915000,,put,2018-12-21,2018-10-25,2915.0,215.0,224.1,231.2,800,15988,0.188,-0.8304,0.0012,-149.8622,264.8003,1.0773950325251331,0.15616438356164383,0.005000539680025208,2707.7136449773584,227.64999999999998
498,SPX,2705.6,SPX181221C02920000,,call,2018-12-21,2018-10-25,2920.0,6.22,5.8,6.2,16,12016,0.1414,0.0902,0.0011,-79.6071,172.7162,1.079243051448847,0.15616438356164383,-0.0009677309834067224,2705.1911467904533,6.0
499,SPX,2705.6,SPX181221P02920000,,put,2018-12-21,2018-10-25,2920.0,220.55,228.7,235.8,216,11866,0.188,-0.8361,0.0012,-146.0964,258.8555,1.079243051448847,0.15616438356164383,0.0051244028104456135,2707.766020814419,232.25
500,SPX,2705.6,SPX181221C02925000,,call,2018-12-21,2018-10-25,2925.0,7.25,5.4,5.9,4168,50392,0.1412,0.085,0.001,-76.0347,165.2092,1.0810910703725607,0.15616438356164383,-0.000982620194409322,2705.1848567834595,5.65
501,SPX,2705.6,SPX181221P02925000,,put,2018-12-21,2018-10-25,2925.0,225.05,233.2,240.9,1036,46480,0.188,-0.8417,0.0012,-142.3354,252.9182,1.0810910703725607,0.15616438356164383,0.005178690891019036,2707.788976985523,237.05
502,SPX,2705.6,SPX181221C02930000,,call,2018-12-21,2018-10-25,2930.0,6.8,5.0,5.4,2728,27189,0.1403,0.0789,0.001,-71.4465,156.2412,1.0829390892962745,0.15616438356164383,-0.0011037541500048195,2705.133683800867,5.2
503,SPX,2705.6,SPX181221P02930000,,put,2018-12-21,2018-10-25,2930.0,229.6,237.8,245.5,138,15180,0.188,-0.8471,0.0012,-138.5832,246.9947,1.0829390892962745,0.15616438356164383,0.005361273608289217,2707.8661850499166,241.65
504,SPX,2705.6,SPX181221C02935000,,call,2018-12-21,2018-10-25,2935.0,4.0,4.7,5.1,50,12956,0.1403,0.0744,0.0009,-68.3585,149.4981,1.0847871082199882,0.15616438356164383,-0.0012886877467190722,2705.0555605569216,4.9
505,SPX,2705.6,SPX181221C02940000,,call,2018-12-21,2018-10-25,2940.0,5.4,4.3,4.7,373,19114,0.1401,0.0699,0.0009,-65.0445,142.4617,1.086635127143702,0.15616438356164383,-0.0012421623076914797,2705.07521452465,4.5
506,SPX,2705.6,SPX181221C02950000,,call,2018-12-21,2018-10-25,2950.0,4.07,3.9,4.1,12400,65464,0.1401,0.062,0.0008,-59.2678,129.8254,1.0903311649911296,0.15616438356164383,-0.0013594399999915293,2705.0256726117914,4.0
507,SPX,2705.6,SPX181221P02950000,,put,2018-12-21,2018-10-25,2950.0,231.0,256.4,263.7,11,2889,0.188,-0.8675,0.0011,-123.7341,223.5566,1.0903311649911296,0.15616438356164383,0.005832222185980642,2708.0653434597757,260.04999999999995
508,SPX,2705.6,SPX181221C02955000,,call,2018-12-21,2018-10-25,2955.0,4.6,3.5,3.8,30,940,0.1401,0.0583,0.0008,-56.5011,123.7725,1.0921791839148434,0.15616438356164383,-0.0015079552152159944,2704.962936254961,3.65
509,SPX,2705.6,SPX181221C02960000,,call,2018-12-21,2018-10-25,2960.0,4.5,3.2,3.6,90,3749,0.1401,0.0548,0.0007,-53.8171,117.8999,1.0940272028385571,0.15616438356164383,-0.0015971384970696126,2704.9252638161993,3.4000000000000004
510,SPX,2705.6,SPX181221C02965000,,call,2018-12-21,2018-10-25,2965.0,2.45,3.0,3.3,45,1319,0.1401,0.0515,0.0007,-51.2167,112.2095,1.095875221762271,0.15616438356164383,-0.0015978679763062626,2704.924955674714,3.15
511,SPX,2705.6,SPX181221C02970000,,call,2018-12-21,2018-10-25,2970.0,3.0,2.8,3.1,67,4876,0.1401,0.0484,0.0007,-48.7003,106.7025,1.0977232406859847,0.15616438356164383,-0.0014756952979886676,2704.976563487052,2.95
512,SPX,2705.6,SPX181221C02975000,,call,2018-12-21,2018-10-25,2975.0,3.4,2.65,2.9,6984,22507,0.1401,0.0454,0.0006,-46.2683,101.3795,1.0995712596096985,0.15616438356164383,-0.001561255337758933,2704.940421371154,2.775
513,SPX,2705.6,SPX181221C02980000,,call,2018-12-21,2018-10-25,2980.0,3.2,2.45,2.75,48,2317,0.1401,0.0426,0.0006,-43.9206,96.2407,1.1014192785334123,0.15616438356164383,-0.0014748399487580707,2704.9769248045513,2.6
514,SPX,2705.6,SPX181221C02985000,,call,2018-12-21,2018-10-25,2985.0,2.35,2.3,2.6,4276,242,0.1401,0.0399,0.0006,-41.657,91.2855,1.103267297457126,0.15616438356164383,-0.0015766684559179803,2704.9339106412344,2.45
515,SPX,2705.6,SPX181221C02990000,,call,2018-12-21,2018-10-25,2990.0,1.85,2.15,2.4,1,2769,0.1401,0.0373,0.0005,-39.4771,86.513,1.1051153163808398,0.15616438356164383,-0.001873945665516576,2704.8083394007062,2.275
516,SPX,2705.6,SPX181221C02995000,,call,2018-12-21,2018-10-25,2995.0,1.65,2.0,2.3,22,1528,0.1401,0.0349,0.0005,-37.3801,81.9218,1.1069633353045536,0.15616438356164383,-0.0019134229869552394,2704.7916644396955,2.15
517,SPX,2705.6,SPX181221C03000000,,call,2018-12-21,2018-10-25,3000.0,2.19,1.85,2.1,7914,70178,0.1401,0.0326,0.0005,-35.3653,77.51,1.1088113542282674,0.15616438356164383,-0.002108118720214056,2704.7094277457877,1.975
518,SPX,2705.6,SPX181221P03000000,,put,2018-12-21,2018-10-25,3000.0,314.0,304.1,311.6,1600,9512,0.188,-0.9094,0.0008,-88.7979,168.5049,1.1088113542282674,0.15616438356164383,0.007644137643541899,2708.831717005902,307.85
519,SPX,2705.6,SPX181221C03010000,,call,2018-12-21,2018-10-25,3010.0,2.0,1.6,1.9,27,2757,0.1401,0.0285,0.0004,-31.5776,69.2154,1.112507392075695,0.15616438356164383,-0.0018667767044980143,2704.811367533733,1.75
520,SPX,2705.6,SPX181221C03015000,,call,2018-12-21,2018-10-25,3015.0,1.55,1.5,1.8,1,713,0.1401,0.0266,0.0004,-29.8022,65.327,1.1143554109994087,0.15616438356164383,-0.0018683107424676253,2704.810719563536,1.65
521,SPX,2705.6,SPX181221C03020000,,call,2018-12-21,2018-10-25,3020.0,1.75,1.4,1.7,12,2651,0.1401,0.0248,0.0004,-28.1039,61.6071,1.1162034299231225,0.15616438356164383,-0.0019301787968788887,2704.78458692683,1.5499999999999998
522,SPX,2705.6,SPX181221C03025000,,call,2018-12-21,2018-10-25,3025.0,1.55,1.3,1.55,4974,15764,0.1401,0.0231,0.0004,-26.481,58.0521,1.1180514488468363,0.15616438356164383,-0.002030984148274439,2704.7420079870103,1.425
523,SPX,2705.6,SPX181221C03030000,,call,2018-12-21,2018-10-25,3030.0,1.05,1.25,1.5,1,5826,0.1401,0.0215,0.0003,-24.9318,54.6584,1.11989946777055,0.15616438356164383,-0.002143822313996579,2704.694347329576,1.375
524,SPX,2705.6,SPX181221C03040000,,call,2018-12-21,2018-10-25,3040.0,0.91,1.1,1.35,10,8484,0.1401,0.0186,0.0003,-22.0472,48.3387,1.1235955056179776,0.15616438356164383,-0.002264077909565847,2704.6435546177845,1.225
525,SPX,2705.6,SPX181221C03050000,,call,2018-12-21,2018-10-25,3050.0,1.15,1.0,1.2,870,34911,0.1401,0.016,0.0003,-19.4348,42.6148,1.1272915434654052,0.15616438356164383,-0.002806741015752615,2704.414360259471,1.1
526,SPX,2705.6,SPX181221C03070000,,call,2018-12-21,2018-10-25,3070.0,0.78,0.75,1.0,260,383,0.1401,0.0118,0.0002,-14.9615,32.8114,1.1346836191602603,0.15616438356164383,-0.003201908739151737,2704.247472959187,0.875
527,SPX,2705.6,SPX181221C03100000,,call,2018-12-21,2018-10-25,3100.0,0.55,0.5,0.75,56,41949,0.1401,0.0074,0.0001,-9.8769,21.6655,1.145771732702543,0.15616438356164383,-0.002496480712219999,2704.5453966611863,0.625
528,SPX,2705.6,SPX181221C03125000,,call,2018-12-21,2018-10-25,3125.0,0.6,0.45,0.65,1359,23109,0.1401,0.0049,0.0001,-6.846,15.0196,1.1550118273211119,0.15616438356164383,-0.002671005651967257,2704.471686417781,0.55
529,SPX,2705.6,SPX181221C03150000,,call,2018-12-21,2018-10-25,3150.0,0.38,0.25,0.5,170,21179,0.1401,0.0032,0.0001,-4.66,10.2253,1.1642519219396807,0.15616438356164383,-0.002607587117360112,2704.498470870908,0.375
530,SPX,2705.6,SPX181221C03160000,,call,2018-12-21,2018-10-25,3160.0,0.27,0.25,0.5,193,580,0.1401,0.0027,0.0001,-3.9757,8.7242,1.1679479597871083,0.15616438356164383,-0.0020224839097413615,2704.745598357277,0.375
531,SPX,2705.6,SPX181221C03175000,,call,2018-12-21,2018-10-25,3175.0,0.26,0.2,0.45,169,416,0.1401,0.002,0.0,-3.1165,6.8394,1.1734920165582496,0.15616438356164383,-0.0057364197780343795,2703.177342644988,0.325
532,SPX,2705.6,SPX181221C03200000,,call,2018-12-21,2018-10-25,3200.0,0.25,0.15,0.3,730,16267,0.1401,0.0013,0.0,-2.0487,4.4965,1.1827321111768185,0.15616438356164383,-0.0027679470978336186,2704.4307442686522,0.22499999999999998
533,SPX,2705.6,SPX181221C03225000,,call,2018-12-21,2018-10-25,3225.0,0.19,0.1,0.35,1,110,0.1401,0.0008,0.0,-1.3243,2.907,1.1919722057953874,0.15616438356164383,-0.00414717444106725,2703.8483099667505,0.22499999999999998
534,SPX,2705.6,SPX181221C03250000,,call,2018-12-21,2018-10-25,3250.0,0.2,0.05,0.3,286,12582,0.1401,0.0005,0.0,-0.8421,1.8488,1.2012123004139563,0.15616438356164383,-0.0024251607803784884,2704.5755190635105,0.175
535,SPX,2705.6,SPX181221C03300000,,call,2018-12-21,2018-10-25,3300.0,0.2,0.05,0.2,107,10113,0.1401,0.0002,0.0,-0.3247,0.713,1.2196924896510941,0.15616438356164383,0.006865955687217949,2708.50254811417,0.125
536,SPX,2705.6,SPX181221C03400000,,call,2018-12-21,2018-10-25,3400.0,0.05,0.0,0.05,1323,6205,0.1401,0.0,0.0,-0.0403,0.0886,1.2566528681253697,0.15616438356164383,-inf,0.0,0.025
537,SPX,2705.6,SPX181221C03500000,,call,2018-12-21,2018-10-25,3500.0,0.05,0.0,0.05,100,6990,0.1401,0.0,0.0,-0.004,0.0088,1.2936132465996453,0.15616438356164383,-inf,0.0,0.025
538,SPX,2705.6,SPX181221P03600000,,put,2018-12-21,2018-10-25,3600.0,878.25,898.9,907.1,22,331,0.188,-0.9965,0.0,28.793,0.2815,1.3305736250739209,0.15616438356164383,0.528246703342144,2938.258385563705,903.0
539,SPX,2705.6,SPX190118C01000000,,call,2019-01-18,2018-10-25,1000.0,1712.1,1683.1,1691.4,22,4672,0.1451,0.9966,0.0,15.3741,0.0,0.3696037847427558,0.2328767123287671,-3.470778963254461,1205.6997514311113,1687.25
540,SPX,2705.6,SPX190118P01200000,,put,2019-01-18,2018-10-25,1200.0,0.6,0.45,0.75,2,2019,0.1943,0.0,0.0,0.0,0.0,0.44352454169130695,0.2328767123287671,inf,inf,0.6
541,SPX,2705.6,SPX190118P01250000,,put,2019-01-18,2018-10-25,1250.0,0.75,0.55,0.85,1,501,0.1943,0.0,0.0,0.0,0.0,0.46200473092844474,0.2328767123287671,inf,inf,0.7
542,SPX,2705.6,SPX190118P01350000,,put,2019-01-18,2018-10-25,1350.0,0.95,0.8,1.1,16,10279,0.1943,0.0,0.0,0.0,0.0,0.4989651094027203,0.2328767123287671,inf,inf,0.9500000000000001
543,SPX,2705.6,SPX190118P01375000,,put,2019-01-18,2018-10-25,1375.0,1.15,0.9,1.2,16,234,0.1943,0.0,0.0,0.0,0.0,0.5082052040212892,0.2328767123287671,inf,inf,1.05
544,SPX,2705.6,SPX190118P01400000,,put,2019-01-18,2018-10-25,1400.0,1.05,0.95,1.3,8,359,0.1943,0.0,0.0,0.0,0.0,0.5174452986398581,0.2328767123287671,inf,inf,1.125
545,SPX,2705.6,SPX190118P01475000,,put,2019-01-18,2018-10-25,1475.0,1.3,1.25,1.6,3,204,0.1943,0.0,0.0,0.0,0.0,0.5451655824955648,0.2328767123287671,inf,inf,1.425
546,SPX,2705.6,SPX190118P01500000,,put,2019-01-18,2018-10-25,1500.0,1.4,1.35,1.7,10,22457,0.1943,0.0,0.0,0.0,0.0,0.5544056771141337,0.2328767123287671,inf,inf,1.525
547,SPX,2705.6,SPX190118P01550000,,put,2019-01-18,2018-10-25,1550.0,1.75,1.6,1.95,469,10221,0.1943,0.0,0.0,0.0,0.0,0.5728858663512715,0.2328767123287671,inf,inf,1.775
548,SPX,2705.6,SPX190118P01575000,,put,2019-01-18,2018-10-25,1575.0,1.64,1.7,2.05,6,1610,0.1943,0.0,0.0,0.0,0.0,0.5821259609698404,0.2328767123287671,inf,inf,1.875
549,SPX,2705.6,SPX190118P01625000,,put,2019-01-18,2018-10-25,1625.0,2.2,2.0,2.35,9,1035,0.1943,0.0,0.0,0.0,0.0001,0.6006061502069782,0.2328767123287671,inf,inf,2.175
550,SPX,2705.6,SPX190118P01700000,,put,2019-01-18,2018-10-25,1700.0,2.45,2.5,2.9,513,8284,0.1943,0.0,0.0,-0.0006,0.0015,0.6283264340626848,0.2328767123287671,inf,inf,2.7
551,SPX,2705.6,SPX190118P01725000,,put,2019-01-18,2018-10-25,1725.0,2.9,2.7,3.1,9,151,0.1943,0.0,0.0,-0.0014,0.0033,0.6375665286812537,0.2328767123287671,inf,inf,2.9000000000000004
552,SPX,2705.6,SPX190118P01750000,,put,2019-01-18,2018-10-25,1750.0,2.8,2.9,3.3,17,385,0.1943,0.0,0.0,-0.0029,0.007,0.6468066232998226,0.2328767123287671,inf,inf,3.0999999999999996
553,SPX,2705.6,SPX190118P01800000,,put,2019-01-18,2018-10-25,1800.0,3.5,3.4,3.8,23,2160,0.1943,0.0,0.0,-0.0115,0.0277,0.6652868125369604,0.2328767123287671,inf,inf,3.5999999999999996
554,SPX,2705.6,SPX190118P01825000,,put,2019-01-18,2018-10-25,1825.0,3.6,3.6,4.1,32,913,0.1943,0.0,0.0,-0.022,0.0528,0.6745269071555293,0.2328767123287671,inf,inf,3.8499999999999996
555,SPX,2705.6,SPX190118P01850000,,put,2019-01-18,2018-10-25,1850.0,3.9,3.9,4.4,2,4205,0.1943,0.0,0.0,-0.0406,0.0976,0.6837670017740982,0.2328767123287671,inf,inf,4.15
556,SPX,2705.6,SPX190118C01900000,,call,2019-01-18,2018-10-25,1900.0,809.5,793.2,801.1,1,10,0.1451,0.9966,0.0,-6.646,0.001,0.702247191011236,0.2328767123287671,-0.7145828638082944,2290.8295277191114,797.1500000000001
557,SPX,2705.6,SPX190118P01900000,,put,2019-01-18,2018-10-25,1900.0,4.5,4.6,5.0,33,9825,0.1943,-0.0001,0.0,-0.127,0.3058,0.702247191011236,0.2328767123287671,-0.03931705268178179,2680.9405198366203,4.8
558,SPX,2705.6,SPX190118P01950000,,put,2019-01-18,2018-10-25,1950.0,5.0,5.4,5.8,1,5520,0.1943,-0.0002,0.0,-0.3566,0.8596,0.7207273802483738,0.2328767123287671,0.00018047076301519818,2705.713711825643,5.6
559,SPX,2705.6,SPX190118P01975000,,put,2019-01-18,2018-10-25,1975.0,5.6,5.8,6.3,1,6400,0.1943,-0.0003,0.0,-0.5752,1.3874,0.7299674748669427,0.2328767123287671,0.011209947485284106,2712.6722926524053,6.05
560,SPX,2705.6,SPX190118C02000000,,call,2019-01-18,2018-10-25,2000.0,723.72,695.8,703.5,1000,18174,0.1451,0.9966,0.0,-9.1024,0.0323,0.7392075694855116,0.2328767123287671,-0.4943234232029305,2411.3995028622226,699.65
561,SPX,2705.6,SPX190118P02000000,,put,2019-01-18,2018-10-25,2000.0,6.3,6.3,6.8,1089,29224,0.1943,-0.0005,0.0,-0.9056,2.1854,0.7392075694855116,0.2328767123287671,0.008418112735891218,2710.909213013601,6.55
562,SPX,2705.6,SPX190118P02025000,,put,2019-01-18,2018-10-25,2025.0,6.0,6.9,7.3,142,1686,0.1943,-0.0008,0.0,-1.3927,3.3627,0.7484476641040805,0.2328767123287671,0.007559380971344797,2710.367143305843,7.1
563,SPX,2705.6,SPX190118P02040000,,put,2019-01-18,2018-10-25,2040.0,7.6,7.2,7.7,10,3,0.1943,-0.001,0.0,-1.7834,4.3077,0.7539917208752218,0.2328767123287671,0.012807703886792136,2713.681812258125,7.45
564,SPX,2705.6,SPX190118P02050000,,put,2019-01-18,2018-10-25,2050.0,6.81,7.5,8.0,119,6463,0.1943,-0.0012,0.0,-2.0937,5.0584,0.7576877587226494,0.2328767123287671,0.011838223512222124,2713.0692150927966,7.75
565,SPX,2705.6,SPX190118P02060000,,put,2019-01-18,2018-10-25,2060.0,9.0,7.7,8.3,51,0,0.1943,-0.0014,0.0,-2.4493,5.9191,0.7613837965700769,0.2328767123287671,0.013894958830892486,2714.368993598861,8.0
566,SPX,2705.6,SPX190118P02080000,,put,2019-01-18,2018-10-25,2080.0,8.1,8.3,8.8,44,82,0.1943,-0.0019,0.0,-3.3177,8.0217,0.768775872264932,0.2328767123287671,0.0173039955037985,2716.5247467100576,8.55
567,SPX,2705.6,SPX190118P02100000,,put,2019-01-18,2018-10-25,2100.0,8.3,8.9,9.4,40,14420,0.1943,-0.0027,0.0,-4.4337,10.7259,0.7761679479597872,0.2328767123287671,0.013239561951721976,2713.954740110751,9.15
568,SPX,2705.6,SPX190118P02125000,,put,2019-01-18,2018-10-25,2125.0,9.2,9.7,10.2,12,699,0.1943,-0.0039,0.0,-6.2543,15.1411,0.7854080425783561,0.2328767123287671,0.015120559366290302,2715.143822599397,9.95
569,SPX,2705.6,SPX190118P02130000,,put,2019-01-18,2018-10-25,2130.0,10.8,9.9,10.4,25,564,0.1943,-0.0042,0.0,-6.6837,16.183,0.7872560615020698,0.2328767123287671,0.015125524547354517,2715.1469620542503,10.15
570,SPX,2705.6,SPX190118P02150000,,put,2019-01-18,2018-10-25,2150.0,10.0,10.6,11.2,5,3387,0.1943,-0.0056,0.0001,-8.649,20.9545,0.794648137196925,0.2328767123287671,0.015333346643339463,2715.2783700019518,10.899999999999999
571,SPX,2705.6,SPX190118P02175000,,put,2019-01-18,2018-10-25,2175.0,11.48,11.6,12.2,17,965,0.1943,-0.008,0.0001,-11.7328,28.4494,0.8038882318154938,0.2328767123287671,0.01364898747427399,2714.2135162792047,11.899999999999999
572,SPX,2705.6,SPX190118C02200000,,call,2019-01-18,2018-10-25,2200.0,531.1,504.0,511.1,9,78,0.1451,0.9954,0.0,-15.5827,5.1931,0.8131283264340627,0.2328767123287671,-0.11570519839098485,2633.6709013138707,507.55
573,SPX,2705.6,SPX190118P02200000,,put,2019-01-18,2018-10-25,2200.0,11.7,12.7,13.3,241,12742,0.1943,-0.0111,0.0001,-15.6228,37.9149,0.8131283264340627,0.2328767123287671,0.013609074006263176,2714.1882880065336,13.0
574,SPX,2705.6,SPX190118P02205000,,put,2019-01-18,2018-10-25,2205.0,14.1,12.9,13.6,35,600,0.1943,-0.0118,0.0001,-16.5076,40.0694,0.8149763453577765,0.2328767123287671,0.013956228150177642,2714.407723028433,13.25
575,SPX,2705.6,SPX190118C02210000,,call,2019-01-18,2018-10-25,2210.0,521.6,495.1,502.2,9,0,0.1451,0.9951,0.0,-16.1706,6.3121,0.8168243642814903,0.2328767123287671,-0.10276265220646887,2641.620806333754,498.65
576,SPX,2705.6,SPX190118P02210000,,put,2019-01-18,2018-10-25,2210.0,13.7,13.1,13.8,25,544,0.1943,-0.0126,0.0001,-17.4299,42.3162,0.8168243642814903,0.2328767123287671,0.01351338513540297,2714.1278064966605,13.45
577,SPX,2705.6,SPX190118P02215000,,put,2019-01-18,2018-10-25,2215.0,14.3,13.4,14.1,50,0,0.1943,-0.0134,0.0001,-18.3907,44.6572,0.8186723832052041,0.2328767123287671,0.013592884942360564,2714.1780553840435,13.75
578,SPX,2705.6,SPX190118P02220000,,put,2019-01-18,2018-10-25,2220.0,14.2,13.6,14.3,25,477,0.1943,-0.0142,0.0001,-19.3907,47.0945,0.8205204021289179,0.2328767123287671,0.0141345342147833,2714.5204366164844,13.95
579,SPX,2705.6,SPX190118P02225000,,put,2019-01-18,2018-10-25,2225.0,12.95,13.9,14.6,138,6019,0.1943,-0.0151,0.0002,-20.4308,49.63,0.8223684210526316,0.2328767123287671,0.014027635041350281,2714.4528612953354,14.25
580,SPX,2705.6,SPX190118P02230000,,put,2019-01-18,2018-10-25,2230.0,15.45,14.2,14.9,28,535,0.1943,-0.0161,0.0002,-21.5115,52.2657,0.8242164399763454,0.2328767123287671,0.013383931221342849,2714.0459854566625,14.55
581,SPX,2705.6,SPX190118P02250000,,put,2019-01-18,2018-10-25,2250.0,13.7,15.2,16.0,137,11681,0.1943,-0.0203,0.0002,-26.2556,63.8442,0.8316085156712005,0.2328767123287671,0.013745295467120583,2714.274391040622,15.6
582,SPX,2705.6,SPX190118P02275000,,put,2019-01-18,2018-10-25,2275.0,15.35,16.7,17.5,6,1559,0.1943,-0.0269,0.0002,-33.1744,80.7563,0.8408486102897694,0.2328767123287671,0.01322140778668969,2713.943266396674,17.1
583,SPX,2705.6,SPX190118P02285000,,put,2019-01-18,2018-10-25,2285.0,17.8,17.4,18.2,4,45,0.1943,-0.0299,0.0003,-36.2599,88.3079,0.844544648137197,0.2328767123287671,0.013462459844583989,2714.0956189928133,17.799999999999997
584,SPX,2705.6,SPX190118P02300000,,put,2019-01-18,2018-10-25,2300.0,15.45,18.4,19.2,4894,13707,0.1943,-0.035,0.0003,-41.2337,100.4932,0.8500887049083383,0.2328767123287671,0.013232163980500741,2713.950064472257,18.799999999999997
585,SPX,2705.6,SPX190118P02310000,,put,2019-01-18,2018-10-25,2310.0,19.55,19.1,20.0,4,260,0.1943,-0.0388,0.0003,-44.7798,109.19,0.8537847427557659,0.2328767123287671,0.012887178409041772,2713.732036909398,19.55
586,SPX,2705.6,SPX190118P02320000,,put,2019-01-18,2018-10-25,2320.0,19.51,19.9,20.8,10,203,0.1943,-0.0428,0.0004,-48.5086,118.343,0.8574807806031934,0.2328767123287671,0.013033747901876773,2713.8246652790053,20.35
587,SPX,2705.6,SPX190118P02325000,,put,2019-01-18,2018-10-25,2325.0,18.75,20.3,21.2,77,9696,0.1943,-0.045,0.0004,-50.4407,123.0889,0.8593287995269072,0.2328767123287671,0.012743502373347926,2713.641240203217,20.75
588,SPX,2705.6,SPX190118P02330000,,put,2019-01-18,2018-10-25,2330.0,20.24,20.7,21.6,10,30,0.1943,-0.0472,0.0004,-52.4173,127.9466,0.861176818450621,0.2328767123287671,0.012801529906977152,2713.6779105940195,21.15
589,SPX,2705.6,SPX190118P02350000,,put,2019-01-18,2018-10-25,2350.0,18.75,22.4,23.3,39,7148,0.1943,-0.0569,0.0005,-60.7569,148.4681,0.8685688941454761,0.2328767123287671,0.012747452296622386,2713.6437363340883,22.85
590,SPX,2705.6,SPX190118P02375000,,put,2019-01-18,2018-10-25,2375.0,21.3,24.7,25.6,72,9015,0.1943,-0.071,0.0005,-72.0928,176.4333,0.877808988764045,0.2328767123287671,0.012707777277985777,2713.6186640428077,25.15
591,SPX,2705.6,SPX190118P02400000,,put,2019-01-18,2018-10-25,2400.0,23.1,27.2,28.3,3193,17047,0.1943,-0.0875,0.0006,-84.3057,206.6594,0.8870490833826139,0.2328767123287671,0.01254882207717544,2713.518215976011,27.75
592,SPX,2705.6,SPX190118P02415000,,put,2019-01-18,2018-10-25,2415.0,31.5,28.8,30.0,1,5,0.1943,-0.0986,0.0007,-91.9755,225.6975,0.8925931401537552,0.2328767123287671,0.012431078664728916,2713.443813143927,29.4
593,SPX,2705.6,SPX190118P02425000,,put,2019-01-18,2018-10-25,2425.0,25.95,30.0,31.2,24,4908,0.1943,-0.1065,0.0007,-97.201,238.6949,0.8962891780011828,0.2328767123287671,0.012374370195048154,2713.4079794190934,30.6
594,SPX,2705.6,SPX190118P02430000,,put,2019-01-18,2018-10-25,2430.0,28.6,30.6,31.8,1,28,0.1943,-0.1106,0.0007,-99.8413,245.2711,0.8981371969248966,0.2328767123287671,0.012355113841109308,2713.395811557946,31.200000000000003
595,SPX,2705.6,SPX190118P02435000,,put,2019-01-18,2018-10-25,2435.0,35.1,31.2,32.4,1,15,0.1943,-0.1148,0.0008,-102.4973,251.8922,0.8999852158486104,0.2328767123287671,0.012342426333044193,2713.3877945022405,31.799999999999997
596,SPX,2705.6,SPX190118P02450000,,put,2019-01-18,2018-10-25,2450.0,29.93,33.2,34.4,16,11960,0.1943,-0.1281,0.0008,-110.5362,271.9723,0.9055292726197517,0.2328767123287671,0.012151486029769305,2713.267144903779,33.8
597,SPX,2705.6,SPX190118P02475000,,put,2019-01-18,2018-10-25,2475.0,34.5,36.7,37.9,267,5749,0.1943,-0.1522,0.0009,-124.0288,305.8247,0.9147693672383206,0.2328767123287671,0.01211154419416735,2713.2419075034236,37.3
598,SPX,2705.6,SPX190118P02480000,,put,2019-01-18,2018-10-25,2480.0,32.5,37.4,38.6,2,26,0.1943,-0.1573,0.001,-126.7191,312.6,0.9166173861620344,0.2328767123287671,0.012150639169408319,2713.2666098094114,38.0
599,SPX,2705.6,SPX190118P02490000,,put,2019-01-18,2018-10-25,2490.0,37.75,39.0,40.2,1,23,0.1943,-0.1679,0.001,-132.0708,326.1061,0.9203134240094619,0.2328767123287671,0.01206940180732008,2713.215279930917,39.6
600,SPX,2705.6,SPX190118C02500000,,call,2019-01-18,2018-10-25,2500.0,253.7,235.6,240.4,2,228,0.1451,0.882,0.001,-96.9839,251.5041,0.9240094618568895,0.2328767123287671,0.006415072768241088,2709.644973491316,238.0
601,SPX,2705.6,SPX190118P02500000,,put,2019-01-18,2018-10-25,2500.0,38.3,40.6,41.9,3824,33830,0.1943,-0.1789,0.001,-137.3664,339.511,0.9240094618568895,0.2328767123287671,0.01199454900024197,2713.1679849971215,41.25
602,SPX,2705.6,SPX190118C02505000,,call,2019-01-18,2018-10-25,2505.0,246.3,231.5,236.3,19,0,0.1451,0.8764,0.0011,-99.67,260.1977,0.9258574807806033,0.2328767123287671,0.006615685032791486,2709.7715654379717,233.9
603,SPX,2705.6,SPX190118C02510000,,call,2019-01-18,2018-10-25,2510.0,245.3,228.9,230.8,2,1,0.1451,0.8706,0.0011,-102.37,268.9535,0.927705499704317,0.2328767123287671,0.006775681560194655,2709.8725319585133,229.85000000000002
604,SPX,2705.6,SPX190118P02515000,,put,2019-01-18,2018-10-25,2515.0,48.25,43.1,44.4,10,27,0.1943,-0.1961,0.0011,-145.1579,359.3169,0.9295535186280308,0.2328767123287671,0.011941606252337394,2713.1345341941937,43.75
605,SPX,2705.6,SPX190118P02520000,,put,2019-01-18,2018-10-25,2520.0,45.98,44.0,45.3,2,98,0.1943,-0.202,0.0011,-147.7038,365.8129,0.9314015375517446,0.2328767123287671,0.011960194234820355,2713.146278587453,44.65
606,SPX,2705.6,SPX190118P02525000,,put,2019-01-18,2018-10-25,2525.0,44.45,45.0,46.2,11,2058,0.1943,-0.2081,0.0011,-150.2197,372.2453,0.9332495564754584,0.2328767123287671,0.011828401181199336,2713.063009246653,45.6
607,SPX,2705.6,SPX190118P02540000,,put,2019-01-18,2018-10-25,2540.0,44.75,47.8,49.1,1,425,0.1943,-0.2267,0.0012,-157.5607,391.0968,0.9387936132465997,0.2328767123287671,0.011786830259416816,2713.036744483204,48.45
608,SPX,2705.6,SPX190118P02550000,,put,2019-01-18,2018-10-25,2550.0,42.85,49.8,51.2,710,11121,0.1943,-0.2395,0.0012,-162.2565,403.2308,0.9424896510940273,0.2328767123287671,0.011810643419453561,2713.0517897527166,50.5
609,SPX,2705.6,SPX190118P02560000,,put,2019-01-18,2018-10-25,2560.0,50.7,51.9,53.3,380,7680,0.1943,-0.2527,0.0013,-166.7701,414.9607,0.9461856889414548,0.2328767123287671,0.011749270181059313,2713.013014013891,52.599999999999994
610,SPX,2705.6,SPX190118P02565000,,put,2019-01-18,2018-10-25,2565.0,52.0,53.0,54.4,32,70,0.1943,-0.2594,0.0013,-168.9524,420.6593,0.9480337078651686,0.2328767123287671,0.011744772472799179,2713.010172374314,53.7
611,SPX,2705.6,SPX190118P02570000,,put,2019-01-18,2018-10-25,2570.0,50.0,54.1,55.5,1,501,0.1943,-0.2662,0.0013,-171.082,426.2393,0.9498817267888824,0.2328767123287671,0.011712441058050908,2712.989745563944,54.8
612,SPX,2705.6,SPX190118C02575000,,call,2019-01-18,2018-10-25,2575.0,182.5,176.2,180.3,22,2957,0.1451,0.7787,0.0016,-136.8399,382.401,0.9517297457125962,0.2328767123287671,0.007890172415471157,2710.5759407513024,178.25
613,SPX,2705.6,SPX190118P02575000,,put,2019-01-18,2018-10-25,2575.0,55.9,55.2,56.7,9,11851,0.1943,-0.2731,0.0013,-173.1564,431.6951,0.9517297457125962,0.2328767123287671,0.011650650757758056,2712.9507072192246,55.95
614,SPX,2705.6,SPX190118P02580000,,put,2019-01-18,2018-10-25,2580.0,53.14,56.4,57.8,11,73,0.1943,-0.28,0.0013,-175.1735,437.0211,0.9535777646363099,0.2328767123287671,0.011677319889125782,2712.9675563764736,57.099999999999994
615,SPX,2705.6,SPX190118P02585000,,put,2019-01-18,2018-10-25,2585.0,58.3,57.5,59.0,2,257,0.1943,-0.287,0.0013,-177.131,442.2121,0.9554257835600237,0.2328767123287671,0.011668278790993449,2712.9618443345357,58.25
616,SPX,2705.6,SPX190118P02590000,,put,2019-01-18,2018-10-25,2590.0,56.85,58.7,60.3,22,536,0.1943,-0.2941,0.0014,-179.0268,447.2628,0.9572738024837375,0.2328767123287671,0.011621923281045238,2712.932557747325,59.5
617,SPX,2705.6,SPX190118P02595000,,put,2019-01-18,2018-10-25,2595.0,67.0,60.0,61.5,20,129,0.1943,-0.3012,0.0014,-180.8589,452.1683,0.9591218214074513,0.2328767123287671,0.011652165312881296,2712.9516640896354,60.75
618,SPX,2705.6,SPX190118P02600000,,put,2019-01-18,2018-10-25,2600.0,53.6,61.2,62.8,2029,26364,0.1943,-0.3084,0.0014,-182.6252,456.9237,0.9609698403311651,0.2328767123287671,0.011639247880935535,2712.9435030845902,62.0
619,SPX,2705.6,SPX190118P02610000,,put,2019-01-18,2018-10-25,2610.0,62.5,63.9,65.4,40,211,0.1943,-0.323,0.0014,-185.9533,465.9655,0.9646658781785926,0.2328767123287671,0.011589430618801157,2712.912029649348,64.65
620,SPX,2705.6,SPX190118P02615000,,put,2019-01-18,2018-10-25,2615.0,62.5,65.2,66.8,10,142,0.1943,-0.3304,0.0014,-187.5115,470.2432,0.9665138971023064,0.2328767123287671,0.01154693236569642,2712.8851804893943,66.0
621,SPX,2705.6,SPX190118P02620000,,put,2019-01-18,2018-10-25,2620.0,69.7,66.6,68.2,426,437,0.1943,-0.3378,0.0014,-188.9968,474.3532,0.9683619160260202,0.2328767123287671,0.01156245363367624,2712.894986344158,67.4
622,SPX,2705.6,SPX190118P02625000,,put,2019-01-18,2018-10-25,2625.0,57.98,67.9,69.6,1068,13660,0.1943,-0.3453,0.0015,-190.4077,478.2916,0.970209934949734,0.2328767123287671,0.011522171280393956,2712.8695372785605,68.75
623,SPX,2705.6,SPX190118P02630000,,put,2019-01-18,2018-10-25,2630.0,67.3,69.4,71.1,6,122,0.1943,-0.3528,0.0015,-191.7428,482.0548,0.9720579538734477,0.2328767123287671,0.011532693917587305,2712.87618511153,70.25
624,SPX,2705.6,SPX190118C02640000,,call,2019-01-18,2018-10-25,2640.0,136.2,130.0,132.1,16,0,0.1451,0.6603,0.0019,-163.4213,473.5405,0.9757539917208753,0.2328767123287671,0.008340406120453054,2710.8601566786306,131.05
625,SPX,2705.6,SPX190118P02640000,,put,2019-01-18,2018-10-25,2640.0,67.35,72.4,74.1,538,102,0.1943,-0.368,0.0015,-194.1799,489.0418,0.9757539917208753,0.2328767123287671,0.011475459527610372,2712.8400266288004,73.25
626,SPX,2705.6,SPX190118C02650000,,call,2019-01-18,2018-10-25,2650.0,131.15,123.2,125.3,717,7143,0.1451,0.6403,0.002,-166.2393,483.7171,0.9794500295683028,0.2328767123287671,0.008332178322101985,2710.8549625057663,124.25
627,SPX,2705.6,SPX190118P02650000,,put,2019-01-18,2018-10-25,2650.0,71.4,75.6,77.2,721,25389,0.1943,-0.3833,0.0015,-196.2983,495.2893,0.9794500295683028,0.2328767123287671,0.011472155427632982,2712.8379392404336,76.4
628,SPX,2705.6,SPX190118P02655000,,put,2019-01-18,2018-10-25,2655.0,76.85,77.2,78.9,62,676,0.1943,-0.391,0.0015,-197.2353,498.1289,0.9812980484920166,0.2328767123287671,0.01146906206716506,2712.8359849896874,78.05000000000001
629,SPX,2705.6,SPX190118C02660000,,call,2019-01-18,2018-10-25,2660.0,135.5,116.6,118.6,269,18,0.1451,0.62,0.002,-168.6473,492.6313,0.9831460674157304,0.2328767123287671,0.00833533193436107,2710.8569533661207,117.6
630,SPX,2705.6,SPX190118P02660000,,put,2019-01-18,2018-10-25,2660.0,73.25,78.8,80.6,53,138,0.1943,-0.3988,0.0015,-198.0896,500.7759,0.9831460674157304,0.2328767123287671,0.011391255706500226,2712.7868307745125,79.69999999999999
631,SPX,2705.6,SPX190118C02665000,,call,2019-01-18,2018-10-25,2665.0,118.1,113.3,115.3,2,0,0.1451,0.6098,0.002,-169.692,496.5957,0.9849940863394442,0.2328767123287671,0.00837636822502203,2710.8828595136856,114.3
632,SPX,2705.6,SPX190118P02665000,,put,2019-01-18,2018-10-25,2665.0,70.1,80.5,82.3,320,1480,0.1943,-0.4065,0.0015,-198.8604,503.2283,0.9849940863394442,0.2328767123287671,0.011444228733166268,2712.8202964192205,81.4
633,SPX,2705.6,SPX190118C02670000,,call,2019-01-18,2018-10-25,2670.0,120.4,110.1,112.1,356,113,0.1451,0.5995,0.002,-170.6278,500.2227,0.986842105263158,0.2328767123287671,0.008383739288080344,2710.887512880755,111.1
634,SPX,2705.6,SPX190118P02670000,,put,2019-01-18,2018-10-25,2670.0,76.1,82.2,84.0,63,160,0.1943,-0.4143,0.0015,-199.5471,505.4843,0.986842105263158,0.2328767123287671,0.011416298268916197,2712.8026513311925,83.1
635,SPX,2705.6,SPX190118C02675000,,call,2019-01-18,2018-10-25,2675.0,116.56,106.9,108.9,2532,5028,0.1451,0.5891,0.0021,-171.4532,503.5065,0.9886901241868717,0.2328767123287671,0.008352599529051203,2710.8678543420833,107.9
636,SPX,2705.6,SPX190118P02675000,,put,2019-01-18,2018-10-25,2675.0,77.44,84.0,85.8,2054,8605,0.1943,-0.4221,0.0015,-200.149,507.5422,0.9886901241868717,0.2328767123287671,0.011408238502540642,2712.7975595901476,84.9
637,SPX,2705.6,SPX190118C02680000,,call,2019-01-18,2018-10-25,2680.0,113.0,103.8,105.8,30,78,0.1451,0.5787,0.0021,-172.1669,506.4423,0.9905381431105855,0.2328767123287671,0.008354896499166238,2710.869304415096,104.8
638,SPX,2705.6,SPX190118P02680000,,put,2019-01-18,2018-10-25,2680.0,79.9,85.8,87.6,111,1215,0.1943,-0.4299,0.0016,-200.6658,509.4007,0.9905381431105855,0.2328767123287671,0.011416622576314327,2712.8028562119325,86.69999999999999
639,SPX,2705.6,SPX190118C02685000,,call,2019-01-18,2018-10-25,2685.0,105.0,100.7,102.6,1,1,0.1451,0.5683,0.0021,-172.7676,509.0256,0.9923861620342993,0.2328767123287671,0.008384471941462404,2710.8879754067584,101.65
640,SPX,2705.6,SPX190118P02685000,,put,2019-01-18,2018-10-25,2685.0,76.0,87.7,89.5,13,468,0.1943,-0.4378,0.0016,-201.0969,511.0588,0.9923861620342993,0.2328767123287671,0.011335942186353077,2712.751886966513,88.6
641,SPX,2705.6,SPX190118C02690000,,call,2019-01-18,2018-10-25,2690.0,107.4,97.6,99.6,62,2,0.1451,0.5578,0.0021,-173.2544,511.2529,0.9942341809580131,0.2328767123287671,0.008359212170514744,2710.8720288925856,98.6
642,SPX,2705.6,SPX190118P02690000,,put,2019-01-18,2018-10-25,2690.0,88.35,89.5,91.4,52,183,0.1943,-0.4456,0.0016,-201.4422,512.5156,0.9942341809580131,0.2328767123287671,0.011367579053455104,2712.77187321145,90.45
643,SPX,2705.6,SPX190118C02695000,,call,2019-01-18,2018-10-25,2695.0,95.7,94.6,96.5,2,0,0.1451,0.5474,0.0021,-173.6267,513.1217,0.9960821998817269,0.2328767123287671,0.00842596483392778,2710.914170107496,95.55
644,SPX,2705.6,SPX190118P02695000,,put,2019-01-18,2018-10-25,2695.0,89.3,91.5,93.3,335,459,0.1943,-0.4534,0.0016,-201.7014,513.7704,0.9960821998817269,0.2328767123287671,0.01140583603141494,2712.7960418357407,92.4
645,SPX,2705.6,SPX190118C02700000,,call,2019-01-18,2018-10-25,2700.0,102.5,91.6,93.5,806,6909,0.1451,0.5369,0.0021,-173.8841,514.6298,0.9979302188054406,0.2328767123287671,0.008426935988107826,2710.914783205725,92.55
646,SPX,2705.6,SPX190118P02700000,,put,2019-01-18,2018-10-25,2700.0,87.5,93.5,95.3,4530,26944,0.1942,-0.4613,0.0016,-201.7644,514.823,0.9979302188054406,0.2328767123287671,0.01134547222171563,2712.757907446674,94.4
647,SPX,2705.6,SPX190118C02710000,,call,2019-01-18,2018-10-25,2710.0,101.5,85.8,87.7,3,187,0.1451,0.5158,0.0021,-174.0537,516.5604,1.0016262566528682,0.2328767123287671,0.008362119864526061,2710.8738645174285,86.75
648,SPX,2705.6,SPX190118P02710000,,put,2019-01-18,2018-10-25,2710.0,86.0,97.5,99.4,5,712,0.1922,-0.4772,0.0016,-199.6434,516.333,1.0016262566528682,0.2328767123287671,0.011281897693675196,2712.7177452897,98.45
649,SPX,2705.6,SPX190118C02715000,,call,2019-01-18,2018-10-25,2715.0,82.09,83.0,84.9,10,44,0.1451,0.5053,0.0021,-173.9663,516.9828,1.003474275576582,0.2328767123287671,0.008360775552720528,2710.873015854334,83.95
650,SPX,2705.6,SPX190118C02720000,,call,2019-01-18,2018-10-25,2720.0,86.5,80.2,82.0,181,132,0.1451,0.4948,0.0021,-173.7647,517.0445,1.0053222945002958,0.2328767123287671,0.00834763624382216,2710.864721031888,81.1
651,SPX,2705.6,SPX190118P02720000,,put,2019-01-18,2018-10-25,2720.0,90.6,101.8,103.7,2,386,0.1905,-0.4933,0.0016,-197.493,517.0227,1.0053222945002958,0.2328767123287671,0.011278883908503168,2712.715841395508,102.75
652,SPX,2705.6,SPX190118C02725000,,call,2019-01-18,2018-10-25,2725.0,89.29,77.4,79.2,1251,10456,0.1451,0.4844,0.0021,-173.4497,516.7473,1.0071703134240095,0.2328767123287671,0.008392697384405136,2710.8931681558993,78.30000000000001
653,SPX,2705.6,SPX190118P02725000,,put,2019-01-18,2018-10-25,2725.0,99.75,104.0,106.0,61,10289,0.1897,-0.5014,0.0016,-196.3365,517.048,1.0071703134240095,0.2328767123287671,0.011307757053567603,2712.734081441023,105.0
654,SPX,2705.6,SPX190118C02730000,,call,2019-01-18,2018-10-25,2730.0,70.7,74.7,76.6,1,405,0.1451,0.4739,0.0021,-173.0223,516.0938,1.0090183323477233,0.2328767123287671,0.008339763256452226,2710.85975084106,75.65
655,SPX,2705.6,SPX190118P02735000,,put,2019-01-18,2018-10-25,2735.0,119.85,108.5,110.5,20,384,0.1878,-0.5179,0.0016,-193.4113,516.4326,1.010866351271437,0.2328767123287671,0.011308152262664593,2712.734331107503,109.5
656,SPX,2705.6,SPX190118P02740000,,put,2019-01-18,2018-10-25,2740.0,100.8,110.9,112.9,62,1929,0.1871,-0.5262,0.0016,-192.089,515.7892,1.0127143701951509,0.2328767123287671,0.01126874109974153,2712.7094339032656,111.9
657,SPX,2705.6,SPX190118P02745000,,put,2019-01-18,2018-10-25,2745.0,99.66,113.3,115.3,1,128,0.1863,-0.5345,0.0016,-190.5617,514.9131,1.0145623891188646,0.2328767123287671,0.011300531134137742,2712.729516596036,114.3
658,SPX,2705.6,SPX190118C02750000,,call,2019-01-18,2018-10-25,2750.0,73.9,64.5,66.2,1025,7759,0.1451,0.4326,0.0021,-170.2169,509.9938,1.0164104080425784,0.2328767123287671,0.008326268531494164,2710.851231687124,65.35
659,SPX,2705.6,SPX190118P02750000,,put,2019-01-18,2018-10-25,2750.0,113.99,115.8,117.8,484,24401,0.1856,-0.5429,0.0016,-189.0548,513.8088,1.0164104080425784,0.2328767123287671,0.011234301364733981,2712.6876774850466,116.8
660,SPX,2705.6,SPX190118C02760000,,call,2019-01-18,2018-10-25,2760.0,61.9,59.6,61.3,70,487,0.1451,0.4123,0.0021,-168.1819,504.9243,1.020106445890006,0.2328767123287671,0.008315483583129382,2710.84442322116,60.45
661,SPX,2705.6,SPX190118P02760000,,put,2019-01-18,2018-10-25,2760.0,124.0,120.8,122.9,1,762,0.184,-0.5597,0.0016,-185.5359,510.8759,1.020106445890006,0.2328767123287671,0.01128194176080009,2712.7177731281713,121.85
662,SPX,2705.6,SPX190118P02765000,,put,2019-01-18,2018-10-25,2765.0,133.34,123.4,125.5,3,487,0.1833,-0.5682,0.0016,-183.7527,509.0592,1.0219544648137198,0.2328767123287671,0.011201839035506696,2712.6671704019013,124.45
663,SPX,2705.6,SPX190118P02770000,,put,2019-01-18,2018-10-25,2770.0,131.7,126.1,128.1,1,673,0.1826,-0.5766,0.0016,-181.8788,507.0024,1.0238024837374335,0.2328767123287671,0.011236059356659094,2712.688788047076,127.1
664,SPX,2705.6,SPX190118C02775000,,call,2019-01-18,2018-10-25,2775.0,56.0,52.8,54.4,638,19796,0.1451,0.3824,0.002,-164.3904,494.9463,1.0256505026611473,0.2328767123287671,0.008271842202752356,2710.8168728834253,53.599999999999994
665,SPX,2705.6,SPX190118P02775000,,put,2019-01-18,2018-10-25,2775.0,120.1,128.8,130.9,208,25254,0.1819,-0.5851,0.0016,-179.9146,504.7042,1.0256505026611473,0.2328767123287671,0.01118769655914804,2712.6582363737016,129.85000000000002
666,SPX,2705.6,SPX190118P02780000,,put,2019-01-18,2018-10-25,2780.0,127.48,131.5,133.7,40,195,0.1813,-0.5934,0.0016,-177.979,502.1858,1.027498521584861,0.2328767123287671,0.011276123219899348,2712.7140973908213,132.6
667,SPX,2705.6,SPX190118P02785000,,put,2019-01-18,2018-10-25,2785.0,125.5,134.4,136.5,4,1560,0.1807,-0.6018,0.0016,-175.9568,499.4313,1.0293465405085749,0.2328767123287671,0.011265824338356413,2712.707591307397,135.45
668,SPX,2705.6,SPX190118P02790000,,put,2019-01-18,2018-10-25,2790.0,133.35,137.2,139.4,11,954,0.18,-0.6103,0.0016,-173.7293,496.4119,1.0311945594322887,0.2328767123287671,0.011228426055748413,2712.683965926889,138.3
669,SPX,2705.6,SPX190118P02795000,,put,2019-01-18,2018-10-25,2795.0,138.6,140.3,142.4,11,67,0.1796,-0.6185,0.0016,-171.7777,493.2495,1.0330425783560024,0.2328767123287671,0.011240859350888657,2712.691820310949,141.35000000000002
670,SPX,2705.6,SPX190118C02800000,,call,2019-01-18,2018-10-25,2800.0,45.2,42.4,43.8,33,18113,0.1451,0.3345,0.0019,-156.2906,472.557,1.0348905972797162,0.2328767123287671,0.008195920219091333,2710.768944812552,43.099999999999994
671,SPX,2705.6,SPX190118P02800000,,put,2019-01-18,2018-10-25,2800.0,138.0,142.4,146.8,276,16538,0.1796,-0.6263,0.0016,-170.2334,490.0185,1.0348905972797162,0.2328767123287671,0.011276605462495787,2712.714402036961,144.60000000000002
672,SPX,2705.6,SPX190118P02810000,,put,2019-01-18,2018-10-25,2810.0,146.4,149.6,151.4,1,316,0.178,-0.6433,0.0016,-164.9622,482.2854,1.0385866351271438,0.2328767123287671,0.011258162553737232,2712.7027511599053,150.5
673,SPX,2705.6,SPX190118C02815000,,call,2019-01-18,2018-10-25,2815.0,31.5,36.9,38.3,1,139,0.1451,0.3072,0.0019,-150.506,456.1047,1.0404346540508576,0.2328767123287671,0.00820229241416817,2710.772967422727,37.599999999999994
674,SPX,2705.6,SPX190118P02825000,,put,2019-01-18,2018-10-25,2825.0,167.63,157.9,162.8,110,5170,0.1771,-0.667,0.0016,-158.3491,469.761,1.0441306918982851,0.2328767123287671,0.011348235305001602,2712.759652992339,160.35000000000002
675,SPX,2705.6,SPX190118C02830000,,call,2019-01-18,2018-10-25,2830.0,33.3,32.0,33.3,4745,832,0.1451,0.281,0.0018,-144.1462,437.7524,1.045978710821999,0.2328767123287671,0.008150251740327184,2710.740115598759,32.65
676,SPX,2705.6,SPX190118P02835000,,put,2019-01-18,2018-10-25,2835.0,177.58,165.9,168.0,6,36,0.1762,-0.6829,0.0015,-153.2268,460.2606,1.0478267297457127,0.2328767123287671,0.011354748679637946,2712.763767745303,166.95
677,SPX,2705.6,SPX190118P02840000,,put,2019-01-18,2018-10-25,2840.0,162.1,169.3,171.4,1,8,0.1758,-0.6907,0.0015,-150.6346,455.2584,1.0496747486694264,0.2328767123287671,0.011367441918748666,2712.7717865777804,170.35000000000002
678,SPX,2705.6,SPX190118C02845000,,call,2019-01-18,2018-10-25,2845.0,27.8,27.5,28.7,17,6,0.1451,0.256,0.0017,-137.3135,417.8161,1.0515227675931402,0.2328767123287671,0.0080429282429414,2710.6723665294344,28.1
679,SPX,2705.6,SPX190118C02850000,,call,2019-01-18,2018-10-25,2850.0,29.15,26.0,27.3,2407,20316,0.1444,0.2469,0.0017,-133.987,409.8633,1.053370786516854,0.2328767123287671,0.008092358048172744,2710.703569395613,26.65
680,SPX,2705.6,SPX190118P02850000,,put,2019-01-18,2018-10-25,2850.0,164.85,174.8,180.3,150,13531,0.1757,-0.7052,0.0015,-146.1975,445.33,1.053370786516854,0.2328767123287671,0.011442789620985412,2712.8193872564075,177.55
681,SPX,2705.6,SPX190118C02870000,,call,2019-01-18,2018-10-25,2870.0,22.0,21.0,22.1,2,4,0.1421,0.2122,0.0016,-120.9228,376.6037,1.0607628622117091,0.2328767123287671,0.007986166668667052,2710.636535882347,21.55
682,SPX,2705.6,SPX190118C02875000,,call,2019-01-18,2018-10-25,2875.0,23.0,19.9,21.0,807,16449,0.1417,0.2042,0.0015,-117.8206,368.1576,1.062610881135423,0.2328767123287671,0.007986735048660926,2710.6368946689026,20.45
683,SPX,2705.6,SPX190118P02880000,,put,2019-01-18,2018-10-25,2880.0,182.55,198.8,201.1,2,258,0.1753,-0.7467,0.0014,-131.6994,412.489,1.0644589000591367,0.2328767123287671,0.011617236940947304,2712.929597018547,199.95
684,SPX,2705.6,SPX190118P02885000,,put,2019-01-18,2018-10-25,2885.0,215.87,202.7,205.1,3,99,0.1755,-0.7529,0.0014,-129.5246,406.9833,1.0663069189828505,0.2328767123287671,0.011662788599054423,2712.9583757123532,203.89999999999998
685,SPX,2705.6,SPX190118C02890000,,call,2019-01-18,2018-10-25,2890.0,16.9,16.8,17.8,120,1465,0.1402,0.1805,0.0014,-107.974,341.4626,1.0681549379065642,0.2328767123287671,0.007910960292710276,2710.5890627150966,17.3
686,SPX,2705.6,SPX190118P02890000,,put,2019-01-18,2018-10-25,2890.0,190.15,204.7,211.2,2,747,0.1758,-0.7589,0.0014,-127.4635,401.5476,1.0681549379065642,0.2328767123287671,0.011653773849427437,2712.952680336295,207.95
687,SPX,2705.6,SPX190118C02900000,,call,2019-01-18,2018-10-25,2900.0,19.4,15.0,15.9,2340,28506,0.1393,0.1657,0.0014,-101.5082,323.3741,1.0718509757539918,0.2328767123287671,0.007878078837423953,2710.5683069326165,15.45
688,SPX,2705.6,SPX190118C02905000,,call,2019-01-18,2018-10-25,2905.0,15.3,14.2,15.1,1,10,0.1391,0.1591,0.0013,-98.6381,314.8301,1.0736989946777056,0.2328767123287671,0.007961752708207419,2710.6211247570536,14.649999999999999
689,SPX,2705.6,SPX190118C02910000,,call,2019-01-18,2018-10-25,2910.0,15.2,13.4,14.2,12,1522,0.1387,0.1522,0.0013,-95.4866,305.781,1.0755470136014194,0.2328767123287671,0.007928674261188514,2710.6002443808534,13.8
690,SPX,2705.6,SPX190118C02920000,,call,2019-01-18,2018-10-25,2920.0,12.42,11.9,12.7,10,2020,0.1381,0.1393,0.0012,-89.5114,288.14,1.079243051448847,0.2328767123287671,0.007872059077351832,2710.5645070927494,12.3
691,SPX,2705.6,SPX190118C02925000,,call,2019-01-18,2018-10-25,2925.0,14.5,11.2,12.1,435,20125,0.1379,0.1333,0.0012,-86.6948,279.5992,1.0810910703725607,0.2328767123287671,0.007849302760053294,2710.5501427209247,11.649999999999999
692,SPX,2705.6,SPX190118C02930000,,call,2019-01-18,2018-10-25,2930.0,10.3,10.7,11.4,775,7445,0.1379,0.1278,0.0012,-84.1868,271.6334,1.0829390892962745,0.2328767123287671,0.007774822592084795,2710.503129458661,11.05
693,SPX,2705.6,SPX190118C02940000,,call,2019-01-18,2018-10-25,2940.0,7.2,9.5,10.2,1,879,0.1376,0.1169,0.0011,-78.8179,255.0776,1.086635127143702,0.2328767123287671,0.00782039928628954,2710.5318982158346,9.85
694,SPX,2705.6,SPX190118C02950000,,call,2019-01-18,2018-10-25,2950.0,9.21,8.5,9.0,2904,12802,0.1372,0.1064,0.001,-73.4322,238.5288,1.0903311649911296,0.2328767123287671,0.0077278631623280605,2710.4734882154985,8.75
695,SPX,2705.6,SPX190118C02960000,,call,2019-01-18,2018-10-25,2960.0,8.4,7.5,8.1,231,2414,0.1371,0.0971,0.001,-68.6078,223.1973,1.0940272028385571,0.2328767123287671,0.007658394544626971,2710.4296395511255,7.8
696,SPX,2705.6,SPX190118C02975000,,call,2019-01-18,2018-10-25,2975.0,7.08,6.3,6.9,359,10589,0.1371,0.0846,0.0009,-61.8612,201.48,1.0995712596096985,0.2328767123287671,0.0076233451739005954,2710.407516620788,6.6
697,SPX,2705.6,SPX190118C02980000,,call,2019-01-18,2018-10-25,2980.0,6.63,6.0,6.5,250,3822,0.1369,0.0804,0.0008,-59.4292,193.9086,1.1014192785334123,0.2328767123287671,0.007599659207167771,2710.39256629793,6.25
698,SPX,2705.6,SPX190118C02990000,,call,2019-01-18,2018-10-25,2990.0,4.2,5.3,5.8,2,129,0.1362,0.072,0.0008,-54.3299,178.2954,1.1051153163808398,0.2328767123287671,0.007556238650368403,2710.3651599320483,5.55
699,SPX,2705.6,SPX190118C03000000,,call,2019-01-18,2018-10-25,3000.0,5.3,4.7,5.0,3853,33901,0.1358,0.0647,0.0007,-49.8363,164.1364,1.1088113542282674,0.2328767123287671,0.00756483753283611,2710.3705873880954,4.85
700,SPX,2705.6,SPX190118P03000000,,put,2019-01-18,2018-10-25,3000.0,277.0,300.6,308.6,1005,18309,0.1764,-0.8717,0.0009,-71.4348,267.2286,1.1088113542282674,0.2328767123287671,0.013282320088423772,2713.9817641084765,304.6
701,SPX,2705.6,SPX190118C03010000,,call,2019-01-18,2018-10-25,3010.0,4.7,4.2,4.5,8,416,0.136,0.0588,0.0007,-46.2822,152.3106,1.112507392075695,0.2328767123287671,0.00754338725491919,2710.3570483884855,4.35
702,SPX,2705.6,SPX190118C03015000,,call,2019-01-18,2018-10-25,3015.0,4.0,3.9,4.3,2,3,0.136,0.0559,0.0006,-44.4524,146.3357,1.1143554109994087,0.2328767123287671,0.0075609272965118605,2710.3681193176867,4.1
703,SPX,2705.6,SPX190118C03020000,,call,2019-01-18,2018-10-25,3020.0,4.0,3.7,4.0,2,17,0.136,0.0531,0.0006,-42.6706,140.5142,1.1162034299231225,0.2328767123287671,0.007530124900835199,2710.348677481511,3.85
704,SPX,2705.6,SPX190118C03025000,,call,2019-01-18,2018-10-25,3025.0,3.85,3.5,3.8,776,7362,0.1362,0.0506,0.0006,-41.1649,135.4011,1.1180514488468363,0.2328767123287671,0.007289618970913481,2710.196879899706,3.65
705,SPX,2705.6,SPX190118C03030000,,call,2019-01-18,2018-10-25,3030.0,4.2,3.3,3.7,2,6,0.1362,0.0481,0.0006,-39.4751,129.8821,1.11989946777055,0.2328767123287671,0.007467150322368108,2710.3089296618336,3.5
706,SPX,2705.6,SPX190118C03050000,,call,2019-01-18,2018-10-25,3050.0,3.3,2.65,3.0,162,15977,0.1362,0.0388,0.0005,-33.1959,109.3481,1.1272915434654052,0.2328767123287671,0.007149286135619213,2710.108311437205,2.825
707,SPX,2705.6,SPX190118C03090000,,call,2019-01-18,2018-10-25,3090.0,1.5,1.8,2.05,6,1939,0.1362,0.0248,0.0003,-22.8679,75.4832,1.1420756948551154,0.2328767123287671,0.007043513555874804,2710.041556951037,1.9249999999999998
708,SPX,2705.6,SPX190118C03150000,,call,2019-01-18,2018-10-25,3150.0,1.15,0.85,1.2,16,8105,0.1362,0.012,0.0002,-12.2769,40.6295,1.1642519219396807,0.2328767123287671,0.0067232630058861025,2709.8394525822196,1.025
709,SPX,2705.6,SPX190118P04000000,,put,2019-01-18,2018-10-25,4000.0,1268.1,1288.7,1297.1,22,310,0.1764,-0.9966,0.0,58.0188,0.0172,1.4784151389710232,0.2328767123287671,0.6739861651603104,3165.3998466133917,1292.9
710,SPX,2705.6,SPX190215P01700000,,put,2019-02-15,2018-10-25,1700.0,3.5,3.4,3.9,6,85,0.1926,0.0,0.0,-0.0102,0.0331,0.6283264340626848,0.3095890410958904,inf,inf,3.65
711,SPX,2705.6,SPX190215P01825000,,put,2019-02-15,2018-10-25,1825.0,5.0,5.2,5.7,15,0,0.1926,-0.0001,0.0,-0.155,0.502,0.6745269071555293,0.3095890410958904,-0.0030393561590852,2703.0553593827954,5.45
712,SPX,2705.6,SPX190215P01850000,,put,2019-02-15,2018-10-25,1850.0,4.85,5.6,6.1,52,0,0.1926,-0.0001,0.0,-0.2482,0.804,0.6837670017740982,0.3095890410958904,0.040908104021084885,2740.0835149907793,5.85
713,SPX,2705.6,SPX190215P01875000,,put,2019-02-15,2018-10-25,1875.0,5.75,6.1,6.6,52,0,0.1926,-0.0002,0.0,-0.3886,1.2595,0.6930070963926671,0.3095890410958904,0.022328218405383602,2724.3674449839414,6.35
714,SPX,2705.6,SPX190215P02000000,,put,2019-02-15,2018-10-25,2000.0,9.5,9.2,10.0,1,36,0.1926,-0.0018,0.0,-2.6904,8.7431,0.7392075694855116,0.3095890410958904,0.013118707257040261,2716.610890208514,9.6
715,SPX,2705.6,SPX190215P02070000,,put,2019-02-15,2018-10-25,2070.0,11.15,11.7,12.5,9,0,0.1926,-0.0049,0.0,-6.4984,21.1574,0.7650798344175045,0.3095890410958904,0.010552441089543119,2714.4534329264725,12.1
716,SPX,2705.6,SPX190215P02075000,,put,2019-02-15,2018-10-25,2075.0,10.26,11.9,12.7,20,0,0.1926,-0.0052,0.0001,-6.886,22.4227,0.7669278533412183,0.3095890410958904,0.011225103702844474,2715.0187739311104,12.3
717,SPX,2705.6,SPX190215P02080000,,put,2019-02-15,2018-10-25,2080.0,11.55,12.1,12.9,9,0,0.1926,-0.0055,0.0001,-7.2921,23.7483,0.768775872264932,0.3095890410958904,0.012235586524188782,2715.8682580881664,12.5
718,SPX,2705.6,SPX190215P02150000,,put,2019-02-15,2018-10-25,2150.0,17.0,15.3,16.2,97,0,0.1926,-0.0128,0.0001,-15.2257,49.6985,0.794648137196925,0.3095890410958904,0.011681547619143431,2715.4024604360834,15.75
719,SPX,2705.6,SPX190215P02170000,,put,2019-02-15,2018-10-25,2170.0,17.3,16.4,17.4,4,0,0.1926,-0.016,0.0001,-18.3873,60.0618,0.8020402128917801,0.3095890410958904,0.011192597233982582,2714.9914510793465,16.9
720,SPX,2705.6,SPX190215C02200000,,call,2019-02-15,2018-10-25,2200.0,536.78,510.2,517.0,3,1,0.1435,0.9913,0.0001,-13.9413,16.8314,0.8131283264340627,0.3095890410958904,-0.06515823542815954,2651.5686904934355,513.6
721,SPX,2705.6,SPX190215P02200000,,put,2019-02-15,2018-10-25,2200.0,19.15,18.2,19.2,4,35,0.1926,-0.0219,0.0002,-23.9874,78.4451,0.8131283264340627,0.3095890410958904,0.01109300475382011,2714.907741743156,18.7
722,SPX,2705.6,SPX190215C02300000,,call,2019-02-15,2018-10-25,2300.0,419.85,419.0,425.2,2,0,0.1435,0.9778,0.0002,-27.0432,63.9879,0.8500887049083383,0.3095890410958904,-0.01644528265001678,2691.860041426165,422.1
723,SPX,2705.6,SPX190215P02355000,,put,2019-02-15,2018-10-25,2355.0,31.25,31.1,32.1,32,2,0.1926,-0.0839,0.0005,-70.0955,231.027,0.8704169130691899,0.3095890410958904,0.010617665278795548,2714.5082456079886,31.6
724,SPX,2705.6,SPX190215P02380000,,put,2019-02-15,2018-10-25,2380.0,31.5,34.0,35.0,36,0,0.1926,-0.1002,0.0006,-79.7888,263.405,0.8796570076877588,0.3095890410958904,0.010494325181647206,2714.404594788827,34.5
725,SPX,2705.6,SPX190215P02390000,,put,2019-02-15,2018-10-25,2390.0,33.7,35.2,36.3,4,9,0.1926,-0.1072,0.0006,-83.7689,276.7353,0.8833530455351863,0.3095890410958904,0.010587841055144775,2714.483181982835,35.75
726,SPX,2705.6,SPX190215P02400000,,put,2019-02-15,2018-10-25,2400.0,31.85,36.4,37.6,10,1025,0.1926,-0.1146,0.0007,-87.7929,290.2359,0.8870490833826139,0.3095890410958904,0.010528116749939087,2714.4329916789275,37.0
727,SPX,2705.6,SPX190215P02470000,,put,2019-02-15,2018-10-25,2470.0,50.75,46.7,48.0,1,0,0.1926,-0.1752,0.0009,-116.2549,386.53,0.9129213483146068,0.3095890410958904,0.010412621784832998,2714.3359362145507,47.35
728,SPX,2705.6,SPX190215P02485000,,put,2019-02-15,2018-10-25,2485.0,49.45,49.3,50.6,16,0,0.1926,-0.1902,0.0009,-122.1785,406.7992,0.9184654050857481,0.3095890410958904,0.010358413889155222,2714.290384148463,49.95
729,SPX,2705.6,SPX190215P02510000,,put,2019-02-15,2018-10-25,2510.0,49.95,53.9,55.3,16,0,0.1926,-0.2166,0.001,-131.6853,439.5619,0.927705499704317,0.3095890410958904,0.010350484692179213,2714.2837211369947,54.599999999999994
730,SPX,2705.6,SPX190215P02530000,,put,2019-02-15,2018-10-25,2530.0,62.6,57.9,59.4,1,0,0.1926,-0.239,0.0011,-138.8504,464.4966,0.9350975753991722,0.3095890410958904,0.01030038196265367,2714.2416195138917,58.65
731,SPX,2705.6,SPX190215P02550000,,put,2019-02-15,2018-10-25,2550.0,54.55,62.4,63.6,10,9,0.1926,-0.2624,0.0011,-145.5215,487.9646,0.9424896510940273,0.3095890410958904,0.010271831432556267,2714.2176286248873,63.0
732,SPX,2705.6,SPX190215P02600000,,put,2019-02-15,2018-10-25,2600.0,65.5,74.6,76.0,1508,1523,0.1926,-0.3246,0.0012,-159.4781,538.3895,0.9609698403311651,0.3095890410958904,0.010309792074315427,2714.2495268371604,75.3
733,SPX,2705.6,SPX190215P02615000,,put,2019-02-15,2018-10-25,2615.0,68.35,78.8,80.1,40,0,0.1926,-0.3442,0.0013,-162.7798,550.8011,0.9665138971023064,0.3095890410958904,0.01025243463868088,2714.201329702466,79.44999999999999
734,SPX,2705.6,SPX190215P02625000,,put,2019-02-15,2018-10-25,2625.0,85.35,81.7,83.0,8,63,0.1926,-0.3574,0.0013,-164.73,558.2998,0.970209934949734,0.3095890410958904,0.010254609744596712,2714.2031574162784,82.35
735,SPX,2705.6,SPX190215C02665000,,call,2019-02-15,2018-10-25,2665.0,122.0,128.7,130.3,30,0,0.1435,0.6004,0.0018,-145.1483,575.6851,0.9849940863394442,0.3095890410958904,0.006472538371962001,2711.026989748822,129.5
736,SPX,2705.6,SPX190215C02680000,,call,2019-02-15,2018-10-25,2680.0,112.8,119.2,120.7,10,0,0.1435,0.5732,0.0018,-146.8978,584.9715,0.9905381431105855,0.3095890410958904,0.006586112112084009,2711.12231434701,119.95
737,SPX,2705.6,SPX190215C02685000,,call,2019-02-15,2018-10-25,2685.0,109.8,116.1,117.6,10,0,0.1435,0.564,0.0018,-147.3318,587.4422,0.9923861620342993,0.3095890410958904,0.006569628997519261,2711.1084795478246,116.85
738,SPX,2705.6,SPX190215P02685000,,put,2019-02-15,2018-10-25,2685.0,96.8,101.3,103.1,12,0,0.1926,-0.4385,0.0014,-171.9162,589.2296,0.9923861620342993,0.3095890410958904,0.010339838514927972,2714.274775035975,102.19999999999999
739,SPX,2705.6,SPX190215C02690000,,call,2019-02-15,2018-10-25,2690.0,109.2,113.0,114.5,10,0,0.1435,0.5548,0.0018,-147.6904,589.5963,0.9942341809580131,0.3095890410958904,0.006564631552871817,2711.1042850484796,113.75
740,SPX,2705.6,SPX190215C02700000,,call,2019-02-15,2018-10-25,2700.0,120.83,106.9,108.5,13,5001,0.1435,0.5365,0.0018,-148.1804,592.9483,0.9979302188054406,0.3095890410958904,0.006640578095049773,2711.168029870582,107.7
741,SPX,2705.6,SPX190215P02715000,,put,2019-02-15,2018-10-25,2715.0,104.9,113.4,114.9,2,42,0.1896,-0.48,0.0014,-169.6278,595.2394,1.003474275576582,0.3095890410958904,0.01031890251326113,2714.2571823671883,114.15
742,SPX,2705.6,SPX190215C02725000,,call,2019-02-15,2018-10-25,2725.0,104.49,92.5,94.2,100,0,0.1435,0.4906,0.0018,-148.0811,595.7307,1.0071703134240095,0.3095890410958904,0.006704592021782753,2711.221760358649,93.35
743,SPX,2705.6,SPX190215C02745000,,call,2019-02-15,2018-10-25,2745.0,95.15,81.7,83.3,40,25,0.1435,0.4542,0.0018,-146.6641,592.2725,1.0145623891188646,0.3095890410958904,0.0067287657999865,2711.2420510469187,82.5
744,SPX,2705.6,SPX190215P02745000,,put,2019-02-15,2018-10-25,2745.0,137.4,126.5,128.2,7,0,0.1845,-0.5232,0.0014,-163.1876,594.5718,1.0145623891188646,0.3095890410958904,0.010384290135067597,2714.3121284216877,127.35
745,SPX,2705.6,SPX190215C02800000,,call,2019-02-15,2018-10-25,2800.0,64.8,55.3,56.9,1100,10200,0.1435,0.3582,0.0017,-137.1687,558.7361,1.0348905972797162,0.3095890410958904,0.006791964793665737,2711.2950989574524,56.099999999999994
746,SPX,2705.6,SPX190215P02815000,,put,2019-02-15,2018-10-25,2815.0,156.1,163.3,165.1,95,0,0.1742,-0.6281,0.0014,-141.0952,563.2937,1.0404346540508576,0.3095890410958904,0.010540761681674846,2714.4436179782106,164.2
747,SPX,2705.6,SPX190215P02860000,,put,2019-02-15,2018-10-25,2860.0,170.6,191.9,194.0,10,0,0.1698,-0.6931,0.0014,-123.4709,521.9312,1.0570668243642816,0.3095890410958904,0.01084003084173853,2714.695124058038,192.95
748,SPX,2705.6,SPX190215C02875000,,call,2019-02-15,2018-10-25,2875.0,33.9,28.9,30.3,2,151,0.1428,0.2425,0.0015,-113.4084,468.2019,1.062610881135423,0.3095890410958904,0.006752032305970639,2711.2615803436183,29.6
749,SPX,2705.6,SPX190215P02900000,,put,2019-02-15,2018-10-25,2900.0,226.25,219.2,225.4,20,0,0.1686,-0.744,0.0013,-108.2281,476.8561,1.0718509757539918,0.3095890410958904,0.011217974269983225,2715.0127813638073,222.3
750,SPX,2705.6,SPX190215C02960000,,call,2019-02-15,2018-10-25,2960.0,10.9,12.5,13.2,4,0,0.1359,0.1307,0.001,-72.915,318.2317,1.0940272028385571,0.3095890410958904,0.006730015032470829,2711.2430996164253,12.85
751,SPX,2705.6,SPX190215C02990000,,call,2019-02-15,2018-10-25,2990.0,8.05,9.1,9.9,4,0,0.135,0.1029,0.0009,-60.9929,268.5097,1.1051153163808398,0.3095890410958904,0.006761091684928821,2711.269184587461,9.5
752,SPX,2705.6,SPX190215P02995000,,put,2019-02-15,2018-10-25,2995.0,298.8,297.6,305.3,1,2,0.1725,-0.834,0.0009,-76.2109,366.0733,1.1069633353045536,0.3095890410958904,0.012612300898698357,2716.185019154175,301.45000000000005
753,SPX,2705.6,SPX190215P03005000,,put,2019-02-15,2018-10-25,3005.0,307.85,306.6,314.4,1,2,0.1731,-0.8415,0.0009,-73.0363,354.8865,1.1106593731519812,0.3095890410958904,0.012725747573247917,2716.2804182646423,310.5
754,SPX,2705.6,SPX190315C01000000,,call,2019-03-15,2018-10-25,1000.0,1689.0,1676.7,1685.1,1800,2950,0.144,0.9925,0.0,28.0269,0.0,0.3696037847427558,0.3863013698630137,-2.023367539656911,1238.2437522645978,1680.9
755,SPX,2705.6,SPX190315P01000000,,put,2019-03-15,2018-10-25,1000.0,0.5,0.3,0.6,1820,2859,0.3657,0.0,0.0,-0.012,0.0253,0.3696037847427558,0.3863013698630137,inf,inf,0.44999999999999996
756,SPX,2705.6,SPX190315P01100000,,put,2019-03-15,2018-10-25,1100.0,0.7,0.5,0.85,3,6876,0.3657,0.0,0.0,-0.0729,0.1542,0.40656416321703137,0.3863013698630137,inf,inf,0.675
757,SPX,2705.6,SPX190315P01250000,,put,2019-03-15,2018-10-25,1250.0,1.28,1.0,1.35,2,5,0.3657,-0.0002,0.0,-0.6241,1.32,0.46200473092844474,0.3863013698630137,0.017159073687677495,2723.593839786556,1.175
758,SPX,2705.6,SPX190315P01300000,,put,2019-03-15,2018-10-25,1300.0,1.2,1.2,1.55,1,939,0.3657,-0.0004,0.0,-1.1312,2.3935,0.48048492016558253,0.3863013698630137,0.008489759034671973,2714.487867145118,1.375
759,SPX,2705.6,SPX190315P01375000,,put,2019-03-15,2018-10-25,1375.0,1.9,1.6,1.95,1,2,0.3657,-0.0009,0.0,-2.5141,5.3222,0.5082052040212892,0.3863013698630137,0.017530217415936494,2723.9843585009994,1.775
760,SPX,2705.6,SPX190315P01500000,,put,2019-03-15,2018-10-25,1500.0,2.72,2.45,2.85,13,4460,0.3657,-0.0032,0.0,-7.687,16.2893,0.5544056771141337,0.3863013698630137,0.010455645781035416,2716.550099352285,2.6500000000000004
761,SPX,2705.6,SPX190315P01550000,,put,2019-03-15,2018-10-25,1550.0,2.7,2.9,3.3,30,633,0.3657,-0.0049,0.0,-11.2732,23.8994,0.5728858663512715,0.3863013698630137,0.010760320847446561,2716.8698463233864,3.0999999999999996
762,SPX,2705.6,SPX190315P01600000,,put,2019-03-15,2018-10-25,1600.0,3.2,3.4,3.9,202,2883,0.3657,-0.0073,0.0,-16.0098,33.9572,0.5913660555884093,0.3863013698630137,0.010187034480982862,2716.2682313913565,3.65
763,SPX,2705.6,SPX190315P01625000,,put,2019-03-15,2018-10-25,1625.0,4.04,3.7,4.2,142,221,0.3657,-0.0088,0.0,-18.8659,40.0251,0.6006061502069782,0.3863013698630137,0.010179791873063199,2716.2606317469786,3.95
764,SPX,2705.6,SPX190315P01650000,,put,2019-03-15,2018-10-25,1650.0,4.65,4.0,4.5,60,883,0.3657,-0.0106,0.0,-22.0744,46.8445,0.6098462448255471,0.3863013698630137,0.008795035949833871,2714.808002563842,4.25
765,SPX,2705.6,SPX190315P01700000,,put,2019-03-15,2018-10-25,1700.0,5.25,4.7,5.2,10,9184,0.3657,-0.0148,0.0001,-29.6185,62.8883,0.6283264340626848,0.3863013698630137,0.01017139135635571,2716.251817139397,4.95
766,SPX,2705.6,SPX190315P01725000,,put,2019-03-15,2018-10-25,1725.0,5.65,5.2,5.7,10,1307,0.3657,-0.0174,0.0001,-33.9819,72.174,0.6375665286812537,0.3863013698630137,0.00987990791776655,2715.9459831769195,5.45
767,SPX,2705.6,SPX190315P01750000,,put,2019-03-15,2018-10-25,1750.0,6.1,5.6,6.2,51,865,0.3657,-0.0203,0.0001,-38.7531,82.3323,0.6468066232998226,0.3863013698630137,0.010008447422107769,2716.080846786642,5.9
768,SPX,2705.6,SPX190315P01800000,,put,2019-03-15,2018-10-25,1800.0,6.8,6.6,7.1,10,9002,0.3648,-0.027,0.0001,-49.021,104.4694,0.6652868125369604,0.3863013698630137,0.009420969177346333,2715.464519422068,6.85
769,SPX,2705.6,SPX190315P01850000,,put,2019-03-15,2018-10-25,1850.0,7.5,7.7,8.3,17,13664,0.3538,-0.0318,0.0001,-54.4308,119.6804,0.6837670017740982,0.3863013698630137,0.009290890419170833,2715.3280718376836,8.0
770,SPX,2705.6,SPX190315P01900000,,put,2019-03-15,2018-10-25,1900.0,8.5,9.1,9.8,42,17321,0.3438,-0.0378,0.0001,-60.8318,137.741,0.702247191011236,0.3863013698630137,0.008730681211082884,2714.7405123969324,9.45
771,SPX,2705.6,SPX190315P01950000,,put,2019-03-15,2018-10-25,1950.0,9.35,10.7,11.5,15,2424,0.3336,-0.0446,0.0002,-67.501,157.6358,0.7207273802483738,0.3863013698630137,0.008845282369926231,2714.860698206915,11.1
772,SPX,2705.6,SPX190315P01975000,,put,2019-03-15,2018-10-25,1975.0,11.55,11.6,12.4,52,1536,0.3284,-0.0484,0.0002,-70.9043,168.2747,0.7299674748669427,0.3863013698630137,0.008683359574791126,2714.6908862729792,12.0
773,SPX,2705.6,SPX190315C02000000,,call,2019-03-15,2018-10-25,2000.0,712.15,701.1,708.5,1800,3002,0.144,0.9922,0.0,3.334,1.7239,0.7392075694855116,0.3863013698630137,-0.23234896050208365,2473.3338500691057,704.8
774,SPX,2705.6,SPX190315P02000000,,put,2019-03-15,2018-10-25,2000.0,10.95,12.6,13.4,1810,17756,0.3235,-0.0526,0.0002,-74.6218,179.8579,0.7392075694855116,0.3863013698630137,0.008713510047374348,2714.7225049202707,13.0
775,SPX,2705.6,SPX190315P02025000,,put,2019-03-15,2018-10-25,2025.0,13.5,13.7,14.5,4,1290,0.3185,-0.0571,0.0002,-78.3577,191.9149,0.7484476641040805,0.3863013698630137,0.008659467400716152,2714.665830933051,14.1
776,SPX,2705.6,SPX190315P02050000,,put,2019-03-15,2018-10-25,2050.0,14.25,14.8,15.7,1098,4691,0.3134,-0.0619,0.0002,-82.1007,204.4531,0.7576877587226494,0.3863013698630137,0.008612503474140332,2714.6165812901754,15.25
777,SPX,2705.6,SPX190315P02075000,,put,2019-03-15,2018-10-25,2075.0,17.6,16.1,17.0,4,787,0.3086,-0.0673,0.0003,-86.1675,218.0297,0.7669278533412183,0.3863013698630137,0.008341020587547592,2714.3319029460545,16.55
778,SPX,2705.6,SPX190315P02100000,,put,2019-03-15,2018-10-25,2100.0,16.2,17.4,18.3,188,17428,0.3034,-0.0728,0.0003,-89.9808,231.7059,0.7761679479597872,0.3863013698630137,0.008424027620688036,2714.41894137711,17.85
779,SPX,2705.6,SPX190315P02150000,,put,2019-03-15,2018-10-25,2150.0,19.2,20.4,21.4,432,3466,0.2935,-0.0855,0.0003,-98.2145,261.7487,0.794648137196925,0.3863013698630137,0.008380924776479275,2714.3737448111374,20.9
780,SPX,2705.6,SPX190315P02175000,,put,2019-03-15,2018-10-25,2175.0,21.25,22.2,23.1,98,1775,0.2888,-0.0928,0.0003,-102.6312,278.1513,0.8038882318154938,0.3863013698630137,0.008279780216265478,2714.2676901061923,22.65
781,SPX,2705.6,SPX190315P02200000,,put,2019-03-15,2018-10-25,2200.0,21.0,24.0,25.0,2261,23483,0.2839,-0.1005,0.0004,-106.9085,294.9489,0.8131283264340627,0.3863013698630137,0.008276974712514443,2714.2647484660492,24.5
782,SPX,2705.6,SPX190315P02225000,,put,2019-03-15,2018-10-25,2225.0,26.6,26.0,27.0,51,1281,0.279,-0.1089,0.0004,-111.2058,312.4245,0.8223684210526316,0.3863013698630137,0.008038199762931499,2714.01439870152,26.5
783,SPX,2705.6,SPX190315P02250000,,put,2019-03-15,2018-10-25,2250.0,24.66,28.1,29.2,3654,10449,0.2741,-0.1178,0.0004,-115.5052,330.5671,0.8316085156712005,0.3863013698630137,0.008163668828382875,2714.1459471056105,28.65
784,SPX,2705.6,SPX190315P02275000,,put,2019-03-15,2018-10-25,2275.0,31.49,30.4,31.6,91,3125,0.2692,-0.1275,0.0005,-119.7862,349.3568,0.8408486102897694,0.3863013698630137,0.008058961725363668,2714.036166200765,31.0
785,SPX,2705.6,SPX190315P02300000,,put,2019-03-15,2018-10-25,2300.0,28.93,32.9,34.1,58,17667,0.2643,-0.1379,0.0005,-124.0251,368.7646,0.8500887049083383,0.3863013698630137,0.008065546188231673,2714.0430695967243,33.5
786,SPX,2705.6,SPX190315P02325000,,put,2019-03-15,2018-10-25,2325.0,35.05,35.5,36.9,21,865,0.2593,-0.1491,0.0005,-128.1008,388.6135,0.8593287995269072,0.3863013698630137,0.007941308857867396,2713.912817515142,36.2
787,SPX,2705.6,SPX190315P02350000,,put,2019-03-15,2018-10-25,2350.0,39.0,38.5,40.0,2097,8127,0.2548,-0.1615,0.0006,-132.5491,409.6477,0.8685688941454761,0.3863013698630137,0.007939117339389248,2713.9105199539163,39.25
788,SPX,2705.6,SPX190315P02375000,,put,2019-03-15,2018-10-25,2375.0,36.85,41.7,43.1,4,3195,0.2498,-0.1745,0.0006,-136.3915,430.4628,0.877808988764045,0.3863013698630137,0.007832075000054475,2713.798300439466,42.400000000000006
789,SPX,2705.6,SPX190315P02400000,,put,2019-03-15,2018-10-25,2400.0,41.1,45.2,46.6,1247,22147,0.245,-0.1886,0.0007,-140.2495,451.8845,0.8870490833826139,0.3863013698630137,0.007818771396687213,2713.7843537225217,45.900000000000006
790,SPX,2705.6,SPX190315P02425000,,put,2019-03-15,2018-10-25,2425.0,46.53,48.9,50.5,455,5310,0.2402,-0.2038,0.0007,-143.8901,473.5361,0.8962891780011828,0.3863013698630137,0.007755708733392496,2713.718243502794,49.7
791,SPX,2705.6,SPX190315P02450000,,put,2019-03-15,2018-10-25,2450.0,49.7,53.0,54.6,2627,9747,0.2355,-0.2202,0.0007,-147.3571,495.3767,0.9055292726197517,0.3863013698630137,0.007713484470320619,2713.67397961674,53.8
792,SPX,2705.6,SPX190315P02475000,,put,2019-03-15,2018-10-25,2475.0,50.85,57.3,59.1,235,5470,0.2306,-0.2376,0.0008,-150.3182,516.9368,0.9147693672383206,0.3863013698630137,0.007729997607973615,2713.6912903277002,58.2
793,SPX,2705.6,SPX190315P02500000,,put,2019-03-15,2018-10-25,2500.0,59.2,62.2,64.0,769,21560,0.226,-0.2566,0.0008,-153.1734,538.471,0.9240094618568895,0.3863013698630137,0.0076294787294838955,2713.5859181655583,63.1
794,SPX,2705.6,SPX190315P02525000,,put,2019-03-15,2018-10-25,2525.0,68.95,67.4,69.3,9,3549,0.2213,-0.2767,0.0009,-155.4895,559.37,0.9332495564754584,0.3863013698630137,0.007706992851326595,2713.6671744872056,68.35
795,SPX,2705.6,SPX190315P02550000,,put,2019-03-15,2018-10-25,2550.0,70.03,73.0,75.0,76,11178,0.2166,-0.2983,0.001,-157.2877,579.4439,0.9424896510940273,0.3863013698630137,0.007672008615198785,2713.6305009930393,74.0
796,SPX,2705.6,SPX190315C02575000,,call,2019-03-15,2018-10-25,2575.0,221.6,201.3,205.0,9,1189,0.144,0.7271,0.0014,-108.3019,547.897,0.9517297457125962,0.3863013698630137,0.0015139960718159196,2707.182856680288,203.15
797,SPX,2705.6,SPX190315P02575000,,put,2019-03-15,2018-10-25,2575.0,70.5,79.1,81.1,228,2554,0.2118,-0.3213,0.001,-158.4057,598.3293,0.9517297457125962,0.3863013698630137,0.007639487576830636,2713.596410079753,80.1
798,SPX,2705.6,SPX190315C02600000,,call,2019-03-15,2018-10-25,2600.0,187.1,183.9,186.6,1,1296,0.144,0.6906,0.0014,-114.7028,582.5381,0.9609698403311651,0.3863013698630137,0.0018475781075954299,2707.5317353974324,185.25
799,SPX,2705.6,SPX190315P02600000,,put,2019-03-15,2018-10-25,2600.0,76.8,85.7,87.8,1647,28056,0.2071,-0.3459,0.0011,-158.9398,615.7561,0.9609698403311651,0.3863013698630137,0.007583330810226566,2713.5375434885755,86.75
800,SPX,2705.6,SPX190315C02625000,,call,2019-03-15,2018-10-25,2625.0,181.0,166.4,169.1,2,4135,0.144,0.6525,0.0015,-120.0682,611.9028,0.970209934949734,0.3863013698630137,0.002182970112105772,2707.8825524080466,167.75
801,SPX,2705.6,SPX190315P02625000,,put,2019-03-15,2018-10-25,2625.0,90.0,92.9,95.1,515,5701,0.2024,-0.3719,0.0011,-158.7194,631.2576,0.970209934949734,0.3863013698630137,0.007658774995854975,2713.616628500867,94.0
802,SPX,2705.6,SPX190315C02650000,,call,2019-03-15,2018-10-25,2650.0,150.6,149.6,152.2,520,6220,0.144,0.613,0.0016,-124.2575,635.2144,0.9794500295683028,0.3863013698630137,0.0024088708258344256,2708.11886813487,150.89999999999998
803,SPX,2705.6,SPX190315P02650000,,put,2019-03-15,2018-10-25,2650.0,93.8,100.8,103.1,830,15979,0.1979,-0.3996,0.0012,-157.8293,644.3955,0.9794500295683028,0.3863013698630137,0.00766407076322911,2713.622179920845,101.94999999999999
804,SPX,2705.6,SPX190315P02675000,,put,2019-03-15,2018-10-25,2675.0,101.4,109.3,111.5,8,10327,0.1932,-0.4288,0.0012,-155.848,654.6146,0.9886901241868717,0.3863013698630137,0.007667684585449235,2713.6259682064656,110.4
805,SPX,2705.6,SPX190315C02700000,,call,2019-03-15,2018-10-25,2700.0,132.1,118.0,120.5,1052,7897,0.144,0.5318,0.0016,-128.7411,661.6056,0.9979302188054406,0.3863013698630137,0.002755957261007797,2708.4819969625287,119.25
806,SPX,2705.6,SPX190315P02700000,,put,2019-03-15,2018-10-25,2700.0,119.0,118.6,120.9,2462,21135,0.1888,-0.4595,0.0012,-153.1185,661.4134,0.9979302188054406,0.3863013698630137,0.007704775173815893,2713.664849711621,119.75
807,SPX,2705.6,SPX190315C02725000,,call,2019-03-15,2018-10-25,2725.0,112.25,103.3,105.9,49,8413,0.144,0.4909,0.0016,-128.9599,664.2172,1.0071703134240095,0.3863013698630137,0.002841935945554914,2708.5719571206114,104.6
808,SPX,2705.6,SPX190315P02725000,,put,2019-03-15,2018-10-25,2725.0,122.87,128.6,131.0,145,8890,0.1843,-0.4916,0.0013,-149.2343,664.2314,1.0071703134240095,0.3863013698630137,0.007755984410021205,2713.718532498224,129.8
809,SPX,2705.6,SPX190315C02750000,,call,2019-03-15,2018-10-25,2750.0,97.6,89.6,92.0,88,13077,0.144,0.4505,0.0016,-127.8518,659.8439,1.0164104080425784,0.3863013698630137,0.0029467537813568923,2708.6816328691143,90.8
810,SPX,2705.6,SPX190315P02750000,,put,2019-03-15,2018-10-25,2750.0,125.15,139.4,141.9,1049,17538,0.1799,-0.525,0.0013,-144.308,662.5292,1.0164104080425784,0.3863013698630137,0.0078037951817695635,2713.768653623557,140.65
811,SPX,2705.6,SPX190315C02775000,,call,2019-03-15,2018-10-25,2775.0,84.45,77.0,79.2,50,8333,0.144,0.411,0.0016,-125.4833,648.8084,1.0256505026611473,0.3863013698630137,0.0030717991179982813,2708.8124793963193,78.1
812,SPX,2705.6,SPX190315P02775000,,put,2019-03-15,2018-10-25,2775.0,144.67,151.2,153.9,162,9714,0.1759,-0.5592,0.0013,-138.5691,655.8574,1.0256505026611473,0.3863013698630137,0.007940570029180024,2713.912042935946,152.55
813,SPX,2705.6,SPX190315C02800000,,call,2019-03-15,2018-10-25,2800.0,74.4,65.4,67.4,1330,14625,0.144,0.3726,0.0016,-121.9557,631.62,1.0348905972797162,0.3863013698630137,0.0031196133922757243,2708.862513574299,66.4
814,SPX,2705.6,SPX190315P02800000,,put,2019-03-15,2018-10-25,2800.0,158.05,164.1,166.9,423,14670,0.172,-0.5942,0.0013,-131.7601,643.8576,1.0348905972797162,0.3863013698630137,0.008024279750875074,2713.999804617596,165.5
815,SPX,2705.6,SPX190315C02825000,,call,2019-03-15,2018-10-25,2825.0,64.07,54.8,56.7,503,8560,0.144,0.3358,0.0015,-117.3986,608.9413,1.0441306918982851,0.3863013698630137,0.0031981837117667136,2708.9447337350284,55.75
816,SPX,2705.6,SPX190315P02825000,,put,2019-03-15,2018-10-25,2825.0,193.2,177.9,182.3,10,8405,0.1694,-0.6283,0.0013,-125.0348,626.9762,1.0441306918982851,0.3863013698630137,0.008220681760332672,2714.205724585702,180.10000000000002
817,SPX,2705.6,SPX190315C02850000,,call,2019-03-15,2018-10-25,2850.0,49.1,45.3,47.1,607,11863,0.144,0.3007,0.0014,-111.9627,581.5505,1.053370786516854,0.3863013698630137,0.0031998119748836637,2708.94643766254,46.2
818,SPX,2705.6,SPX190315P02850000,,put,2019-03-15,2018-10-25,2850.0,187.4,192.8,197.6,30,11760,0.1663,-0.6628,0.0013,-116.8327,604.6525,1.053370786516854,0.3863013698630137,0.00836135145931194,2714.353220968048,195.2
819,SPX,2705.6,SPX190315C02875000,,call,2019-03-15,2018-10-25,2875.0,44.0,37.0,38.6,1251,11208,0.144,0.2677,0.0014,-105.8122,550.3013,1.062610881135423,0.3863013698630137,0.003243074971358789,2708.9917114566565,37.8
820,SPX,2705.6,SPX190315C02900000,,call,2019-03-15,2018-10-25,2900.0,33.65,29.9,31.3,500,21408,0.1409,0.2315,0.0013,-95.8139,509.5997,1.0718509757539918,0.3863013698630137,0.0033151884536783607,2709.0671783446624,30.6
821,SPX,2705.6,SPX190315P02900000,,put,2019-03-15,2018-10-25,2900.0,220.0,226.1,231.8,2,18028,0.1616,-0.7278,0.0012,-99.3286,547.159,1.0718509757539918,0.3863013698630137,0.008954942200269928,2714.9757068731933,228.95
822,SPX,2705.6,SPX190315C02925000,,call,2019-03-15,2018-10-25,2925.0,24.55,24.0,25.3,1,8559,0.1384,0.1982,0.0012,-85.9393,465.6799,1.0810910703725607,0.3863013698630137,0.003417740160058011,2709.1745025092,24.65
823,SPX,2705.6,SPX190315C02950000,,call,2019-03-15,2018-10-25,2950.0,19.5,19.1,20.3,37,16149,0.1364,0.168,0.0011,-76.3627,420.1829,1.0903311649911296,0.3863013698630137,0.0034278097558762995,2709.18504094396,19.700000000000003
824,SPX,2705.6,SPX190315P02950000,,put,2019-03-15,2018-10-25,2950.0,262.0,264.1,270.8,1,4933,0.1603,-0.7824,0.0011,-83.1412,482.1032,1.0903311649911296,0.3863013698630137,0.009767956849145634,2715.828529604977,267.45000000000005
825,SPX,2705.6,SPX190315C03000000,,call,2019-03-15,2018-10-25,3000.0,13.0,12.0,12.8,1101,20472,0.1337,0.1179,0.0009,-58.8333,330.7971,1.1088113542282674,0.3863013698630137,0.0034122150663002167,2709.168720185284,12.4
826,SPX,2705.6,SPX190315P03000000,,put,2019-03-15,2018-10-25,3000.0,286.25,305.6,313.0,600,3715,0.1611,-0.8264,0.0009,-68.4151,417.218,1.1088113542282674,0.3863013698630137,0.010746232689232797,2716.8550604112756,309.3
827,SPX,2705.6,SPX190315C03050000,,call,2019-03-15,2018-10-25,3050.0,9.02,7.5,8.3,22,13156,0.1328,0.0816,0.0007,-44.5805,252.7638,1.1272915434654052,0.3863013698630137,0.0034156447322698444,2709.1723095237467,7.9
828,SPX,2705.6,SPX190315C03100000,,call,2019-03-15,2018-10-25,3100.0,5.68,4.9,5.4,4,13754,0.1322,0.0549,0.0005,-32.6313,186.119,1.145771732702543,0.3863013698630137,0.003393617597823726,2709.1492569706456,5.15
829,SPX,2705.6,SPX190315C03150000,,call,2019-03-15,2018-10-25,3150.0,3.3,3.3,3.8,7,6515,0.1322,0.0364,0.0004,-23.4194,133.7492,1.1642519219396807,0.3863013698630137,0.0033385339402710497,2709.0916098885277,3.55
830,SPX,2705.6,SPX190315C03300000,,call,2019-03-15,2018-10-25,3300.0,1.41,1.15,1.5,1402,8080,0.1322,0.0091,0.0001,-7.1957,41.2178,1.2196924896510941,0.3863013698630137,0.0030676762300021667,2708.8081651356615,1.325
831,SPX,2705.6,SPX190315C03400000,,call,2019-03-15,2018-10-25,3400.0,0.82,0.65,0.85,3,6070,0.1322,0.0032,0.0,-2.849,16.3438,1.2566528681253697,0.3863013698630137,0.002705136058867288,2708.4288237533647,0.75
832,SPX,2705.6,SPX190621C01000000,,call,2019-06-21,2018-10-25,1000.0,1682.7,1670.8,1682.1,3,2460,0.1423,0.9882,0.0,24.5467,0.0,0.3696037847427558,0.6547945205479452,-1.1321200665945834,1289.1946008346476,1676.4499999999998
833,SPX,2705.6,SPX190621P01000000,,put,2019-06-21,2018-10-25,1000.0,1.0,0.9,1.35,1,3988,0.2104,0.0,0.0,0.0,0.0,0.3696037847427558,0.6547945205479452,inf,inf,1.125
834,SPX,2705.6,SPX190621P01425000,,put,2019-06-21,2018-10-25,1425.0,4.68,4.3,4.9,15,67,0.2104,-0.0001,0.0,-0.0735,0.4629,0.526685393258427,0.6547945205479452,-0.03431056774844485,2645.49270912199,4.6
835,SPX,2705.6,SPX190621P01450000,,put,2019-06-21,2018-10-25,1450.0,4.88,4.7,5.3,53,254,0.2104,-0.0001,0.0,-0.1088,0.6848,0.5359254878769959,0.6547945205479452,-0.007749956493916799,2691.904861913604,5.0
836,SPX,2705.6,SPX190621P01475000,,put,2019-06-21,2018-10-25,1475.0,5.28,5.1,5.7,38,778,0.2104,-0.0001,0.0,-0.1582,0.9963,0.5451655824955648,0.6547945205479452,0.0183566049125458,2738.317014705218,5.4
837,SPX,2705.6,SPX190621P01500000,,put,2019-06-21,2018-10-25,1500.0,5.45,5.6,6.2,20,16479,0.2104,-0.0002,0.0,-0.2263,1.4261,0.5544056771141337,0.6547945205479452,-0.002500247162018014,2701.174155857592,5.9
838,SPX,2705.6,SPX190621P01700000,,put,2019-06-21,2018-10-25,1700.0,9.4,10.1,11.1,3,17733,0.2104,-0.0022,0.0,-2.3966,15.1598,0.6283264340626848,0.6547945205479452,0.008688919671446315,2721.0372680274145,10.6
839,SPX,2705.6,SPX190621P01800000,,put,2019-06-21,2018-10-25,1800.0,13.8,13.6,14.7,33,33258,0.2104,-0.006,0.0,-5.8755,37.2567,0.6652868125369604,0.6547945205479452,0.00866413376093127,2720.9931068260234,14.149999999999999
840,SPX,2705.6,SPX190621P01850000,,put,2019-06-21,2018-10-25,1850.0,15.4,15.8,17.0,142,3613,0.2104,-0.0094,0.0001,-8.6743,55.0797,0.6837670017740982,0.6547945205479452,0.008211313931146838,2720.186441235727,16.4
841,SPX,2705.6,SPX190621P01900000,,put,2019-06-21,2018-10-25,1900.0,18.85,18.3,19.5,97,19412,0.2104,-0.0141,0.0001,-12.3597,78.5993,0.702247191011236,0.6547945205479452,0.008642240848073308,2720.9541006915556,18.9
842,SPX,2705.6,SPX190621P01925000,,put,2019-06-21,2018-10-25,1925.0,19.0,19.7,21.0,140,2624,0.2104,-0.0172,0.0001,-14.5697,92.7284,0.7114872856298049,0.6547945205479452,0.008028197534886733,2719.8603006067897,20.35
843,SPX,2705.6,SPX190621P01950000,,put,2019-06-21,2018-10-25,1950.0,19.9,21.2,22.4,719,21344,0.2104,-0.0206,0.0001,-17.0387,108.533,0.7207273802483738,0.6547945205479452,0.008534986732806078,2720.7630164085817,21.799999999999997
844,SPX,2705.6,SPX190621P02000000,,put,2019-06-21,2018-10-25,2000.0,23.4,24.2,25.6,1045,20333,0.2104,-0.0292,0.0001,-22.7768,145.3453,0.7392075694855116,0.6547945205479452,0.008503121785584628,2720.706248299966,24.9
845,SPX,2705.6,SPX190621P02025000,,put,2019-06-21,2018-10-25,2025.0,25.2,25.9,27.4,30,1240,0.2104,-0.0344,0.0002,-26.0487,166.385,0.7484476641040805,0.6547945205479452,0.00850625560683636,2720.711831219358,26.65
846,SPX,2705.6,SPX190621P02100000,,put,2019-06-21,2018-10-25,2100.0,31.5,31.8,33.3,100,15828,0.2104,-0.0542,0.0002,-37.4073,239.7018,0.7761679479597872,0.6547945205479452,0.008325087026980291,2720.389097233152,32.55
847,SPX,2705.6,SPX190621P02125000,,put,2019-06-21,2018-10-25,2125.0,35.28,34.0,35.5,15,1368,0.2104,-0.0622,0.0003,-41.6637,267.2897,0.7854080425783561,0.6547945205479452,0.008493710869788326,2720.689482771784,34.75
848,SPX,2705.6,SPX190621P02150000,,put,2019-06-21,2018-10-25,2150.0,36.65,36.3,37.9,84,7631,0.2104,-0.0711,0.0003,-46.1223,296.2595,0.794648137196925,0.6547945205479452,0.008436631262314871,2720.5877977757036,37.099999999999994
849,SPX,2705.6,SPX190621P02200000,,put,2019-06-21,2018-10-25,2200.0,39.65,41.4,43.1,145,18056,0.2104,-0.0913,0.0004,-55.5397,357.7042,0.8131283264340627,0.6547945205479452,0.008482170842584805,2720.668924376789,42.25
850,SPX,2705.6,SPX190621P02250000,,put,2019-06-21,2018-10-25,2250.0,45.01,47.2,48.9,68,10215,0.2104,-0.1149,0.0004,-65.4112,422.5335,0.8316085156712005,0.6547945205479452,0.008502389415638571,2720.7049435806243,48.05
851,SPX,2705.6,SPX190621P02275000,,put,2019-06-21,2018-10-25,2275.0,50.55,50.3,52.1,2,5229,0.2104,-0.1279,0.0005,-70.427,455.6658,0.8408486102897694,0.6547945205479452,0.0086068856015989,2720.8911101859276,51.2
852,SPX,2705.6,SPX190621P02300000,,put,2019-06-21,2018-10-25,2300.0,54.4,53.6,55.5,940,12017,0.2104,-0.1418,0.0005,-75.4438,488.955,0.8500887049083383,0.6547945205479452,0.008629169992633218,2720.9308128946304,54.55
853,SPX,2705.6,SPX190621C02325000,,call,2019-06-21,2018-10-25,2325.0,441.36,430.8,437.0,28,162,0.1423,0.9101,0.0005,-40.5621,318.0213,0.8593287995269072,0.6547945205479452,-0.0057677052096286475,2695.4011348764584,433.9
854,SPX,2705.6,SPX190621P02325000,,put,2019-06-21,2018-10-25,2325.0,61.0,57.3,59.1,300,6124,0.2104,-0.1565,0.0005,-80.4209,522.1493,0.8593287995269072,0.6547945205479452,0.008675568290361011,2721.013479704775,58.2
855,SPX,2705.6,SPX190621P02350000,,put,2019-06-21,2018-10-25,2350.0,55.8,61.0,62.9,50,7224,0.2104,-0.172,0.0006,-85.317,554.9929,0.8685688941454761,0.6547945205479452,0.008718137088203994,2721.089325789737,61.95
856,SPX,2705.6,SPX190621P02375000,,put,2019-06-21,2018-10-25,2375.0,65.7,65.0,67.0,28,1988,0.2104,-0.1883,0.0006,-90.091,587.2302,0.877808988764045,0.6547945205479452,0.008728950891892538,2721.108593400044,66.0
857,SPX,2705.6,SPX190621P02400000,,put,2019-06-21,2018-10-25,2400.0,65.2,69.3,71.2,104,15794,0.2104,-0.2052,0.0006,-94.7027,618.6093,0.8870490833826139,0.6547945205479452,0.00886299499749375,2721.347439245273,70.25
858,SPX,2705.6,SPX190621P02425000,,put,2019-06-21,2018-10-25,2425.0,74.5,73.8,75.9,28,5765,0.2104,-0.2229,0.0006,-99.1128,648.8859,0.8962891780011828,0.6547945205479452,0.008892191316809437,2721.3994653469194,74.85
859,SPX,2705.6,SPX190621P02450000,,put,2019-06-21,2018-10-25,2450.0,79.0,78.7,80.8,13,9390,0.2104,-0.2412,0.0007,-103.2845,677.8266,0.9055292726197517,0.6547945205479452,0.00895829070608846,2721.517254195645,79.75
860,SPX,2705.6,SPX190621P02475000,,put,2019-06-21,2018-10-25,2475.0,79.1,83.8,85.9,343,7682,0.2104,-0.2601,0.0007,-107.1829,705.2125,0.9147693672383206,0.6547945205479452,0.00901550363204414,2721.6192115182293,84.85
861,SPX,2705.6,SPX190621P02500000,,put,2019-06-21,2018-10-25,2500.0,84.3,89.3,91.5,2058,16107,0.2104,-0.2795,0.0007,-110.7764,730.8415,0.9240094618568895,0.6547945205479452,0.009099135342298163,2721.7682557826142,90.4
862,SPX,2705.6,SPX190621P02525000,,put,2019-06-21,2018-10-25,2525.0,101.2,95.1,97.4,120,6585,0.2104,-0.2994,0.0008,-114.0362,754.531,0.9332495564754584,0.6547945205479452,0.009162416221900775,2721.8810372357584,96.25
863,SPX,2705.6,SPX190621P02550000,,put,2019-06-21,2018-10-25,2550.0,104.46,101.3,103.6,5,9049,0.2065,-0.3178,0.0008,-114.4188,774.1686,0.9424896510940273,0.6547945205479452,0.00914782213559533,2721.8550267171395,102.44999999999999
864,SPX,2705.6,SPX190621P02600000,,put,2019-06-21,2018-10-25,2600.0,114.25,114.9,117.3,240,20277,0.1987,-0.3573,0.0009,-114.1524,809.4968,0.9609698403311651,0.6547945205479452,0.009253130312756246,2722.0427192932843,116.1
865,SPX,2705.6,SPX190621P02650000,,put,2019-06-21,2018-10-25,2650.0,125.0,130.4,133.0,612,14879,0.1911,-0.4009,0.0009,-112.4328,837.6939,0.9794500295683028,0.6547945205479452,0.009310312685577776,2722.1446418422906,131.7
866,SPX,2705.6,SPX190621C02675000,,call,2019-06-21,2018-10-25,2675.0,188.42,171.0,174.4,2652,5353,0.1423,0.5695,0.0012,-98.4743,846.0478,0.9886901241868717,0.6547945205479452,0.0032968148824793885,2711.446985767848,172.7
867,SPX,2705.6,SPX190621P02675000,,put,2019-06-21,2018-10-25,2675.0,136.6,138.9,141.6,2719,5390,0.1873,-0.4242,0.0009,-110.9039,848.2899,0.9886901241868717,0.6547945205479452,0.009335446743174446,2722.1894422961805,140.25
868,SPX,2705.6,SPX190621C02700000,,call,2019-06-21,2018-10-25,2700.0,164.0,155.6,158.7,284,10542,0.1423,0.538,0.0013,-99.3844,856.5242,0.9979302188054406,0.6547945205479452,0.0034869544431052803,2711.7845882846864,157.14999999999998
869,SPX,2705.6,SPX190621P02700000,,put,2019-06-21,2018-10-25,2700.0,142.0,147.9,150.7,3069,17123,0.1834,-0.4484,0.001,-108.8268,856.0888,0.9979302188054406,0.6547945205479452,0.009414966745848293,2722.3311883818074,149.3
870,SPX,2705.6,SPX190621C02725000,,call,2019-06-21,2018-10-25,2725.0,144.8,140.9,143.8,40,7441,0.1423,0.5065,0.0013,-99.6708,861.4537,1.0071703134240095,0.6547945205479452,0.0036520927390611153,2712.077833884534,142.35000000000002
871,SPX,2705.6,SPX190621P02725000,,put,2019-06-21,2018-10-25,2725.0,148.32,157.5,160.5,8,12166,0.1797,-0.4736,0.001,-106.3647,860.7156,1.0071703134240095,0.6547945205479452,0.009471774294203691,2722.432453557215,159.0
872,SPX,2705.6,SPX190621C02750000,,call,2019-06-21,2018-10-25,2750.0,135.81,126.6,129.5,2222,10161,0.1423,0.4752,0.0013,-99.3435,860.8935,1.0164104080425784,0.6547945205479452,0.00379495068758289,2712.3315405677017,128.05
873,SPX,2705.6,SPX190621P02750000,,put,2019-06-21,2018-10-25,2750.0,172.4,167.6,170.7,85,16214,0.1758,-0.4997,0.001,-103.2391,861.7938,1.0164104080425784,0.6547945205479452,0.009569056454179228,2722.605877552375,169.14999999999998
874,SPX,2705.6,SPX190621C02775000,,call,2019-06-21,2018-10-25,2775.0,118.6,113.1,115.8,35,8450,0.1423,0.4443,0.0013,-98.4233,855.002,1.0256505026611473,0.6547945205479452,0.0039218183971034375,2712.556869494846,114.44999999999999
875,SPX,2705.6,SPX190621P02775000,,put,2019-06-21,2018-10-25,2775.0,176.0,178.5,181.7,6,8587,0.1721,-0.5266,0.001,-99.6878,858.9404,1.0256505026611473,0.6547945205479452,0.009678880704856787,2722.801673490837,180.1
876,SPX,2705.6,SPX190621C02800000,,call,2019-06-21,2018-10-25,2800.0,110.9,100.3,102.9,19,12300,0.1423,0.414,0.0012,-96.9411,844.0294,1.0348905972797162,0.6547945205479452,0.0040443166490236795,2712.7744556196835,101.6
877,SPX,2705.6,SPX190621P02800000,,put,2019-06-21,2018-10-25,2800.0,185.5,190.0,193.3,5,15247,0.1683,-0.5544,0.0011,-95.503,851.7735,1.0348905972797162,0.6547945205479452,0.00976446500913346,2722.9542639356278,191.65
878,SPX,2705.6,SPX190621P02825000,,put,2019-06-21,2018-10-25,2825.0,191.16,202.3,205.8,3,5925,0.1647,-0.5827,0.0011,-90.8802,840.0177,1.0441306918982851,0.6547945205479452,0.009888990128300006,2723.176298228221,204.05
879,SPX,2705.6,SPX190621C02850000,,call,2019-06-21,2018-10-25,2850.0,79.0,77.4,79.5,22,12424,0.1423,0.3557,0.0012,-92.4551,808.2306,1.053370786516854,0.6547945205479452,0.004220528615239236,2713.0874807292703,78.45
880,SPX,2705.6,SPX190621P02850000,,put,2019-06-21,2018-10-25,2850.0,212.25,215.4,219.2,22,11295,0.1613,-0.6113,0.0011,-85.834,823.4992,1.053370786516854,0.6547945205479452,0.010044640897501128,2723.4538565148027,217.3
881,SPX,2705.6,SPX190621C02875000,,call,2019-06-21,2018-10-25,2875.0,69.0,67.1,69.2,225,3363,0.1423,0.328,0.0012,-89.55,784.253,1.062610881135423,0.6547945205479452,0.004287572427815026,2713.206587670016,68.15
882,SPX,2705.6,SPX190621C02900000,,call,2019-06-21,2018-10-25,2900.0,55.2,57.6,59.7,752,14425,0.1423,0.3015,0.0011,-86.2768,756.8632,1.0718509757539918,0.6547945205479452,0.004382858620138137,2713.375877715069,58.650000000000006
883,SPX,2705.6,SPX190621C02975000,,call,2019-06-21,2018-10-25,2975.0,37.7,34.9,36.8,202,3941,0.1369,0.2195,0.001,-70.321,643.1608,1.0995712596096985,0.6547945205479452,0.00466512344814371,2713.8774250151323,35.849999999999994
884,SPX,2705.6,SPX190621C03000000,,call,2019-06-21,2018-10-25,3000.0,28.92,29.2,31.0,167,18015,0.1348,0.1938,0.0009,-64.2925,597.7024,1.1088113542282674,0.6547945205479452,0.004730209530731333,2713.993087535664,30.1
885,SPX,2705.6,SPX190621C03075000,,call,2019-06-21,2018-10-25,3075.0,18.3,16.6,18.1,5200,2700,0.1301,0.1287,0.0007,-47.374,457.6112,1.136531638083974,0.6547945205479452,0.0048998539715418826,2714.294580740045,17.35
886,SPX,2705.6,SPX190621C03100000,,call,2019-06-21,2018-10-25,3100.0,15.1,13.8,15.1,1390,11599,0.1294,0.1119,0.0007,-42.6694,414.8258,1.145771732702543,0.6547945205479452,0.004915358441633525,2714.32213705553,14.45
887,SPX,2705.6,SPX190621C03125000,,call,2019-06-21,2018-10-25,3125.0,12.5,11.4,12.7,204,2112,0.1284,0.0962,0.0006,-37.9004,371.6772,1.1550118273211119,0.6547945205479452,0.005005240279906509,2714.4818908385937,12.05
888,SPX,2705.6,SPX190621C03150000,,call,2019-06-21,2018-10-25,3150.0,10.05,9.5,10.7,191,2754,0.1277,0.0825,0.0005,-33.6108,331.7274,1.1642519219396807,0.6547945205479452,0.004987245869192655,2714.449907259944,10.1
889,SPX,2705.6,SPX190621C03200000,,call,2019-06-21,2018-10-25,3200.0,6.62,6.8,7.5,22,8309,0.1276,0.0616,0.0004,-26.7789,265.0187,1.1827321111768185,0.6547945205479452,0.005091492502826592,2714.635202272592,7.15
890,SPX,2705.6,SPX190621C03250000,,call,2019-06-21,2018-10-25,3250.0,5.6,5.0,5.7,202,26218,0.1292,0.0475,0.0003,-22.0433,215.8737,1.2012123004139563,0.6547945205479452,0.005060958755423145,2714.58092821639,5.35
891,SPX,2705.6,SPX190621C03300000,,call,2019-06-21,2018-10-25,3300.0,3.7,3.8,4.4,4,8491,0.1301,0.0357,0.0003,-17.6047,171.4955,1.2196924896510941,0.6547945205479452,0.004966931578734185,2714.4138007395345,4.1
892,SPX,2705.6,SPX190621C03350000,,call,2019-06-21,2018-10-25,3350.0,2.9,2.85,3.3,4,2512,0.1301,0.0259,0.0002,-13.4572,131.2736,1.238172678888232,0.6547945205479452,0.005123702707228265,2714.6924574248224,3.075
893,SPX,2705.6,SPX190621C03400000,,call,2019-06-21,2018-10-25,3400.0,2.5,2.25,2.75,1200,6408,0.1301,0.0185,0.0002,-10.1243,98.8854,1.2566528681253697,0.6547945205479452,0.005084164840166765,2714.622177176413,2.5
894,SPX,2705.6,SPX190621P04100000,,put,2019-06-21,2018-10-25,4100.0,1359.0,1358.9,1370.2,3,4,0.1373,-0.988,0.0,50.3997,1.0886,1.5153755174452987,0.6547945205479452,0.24239536990143903,3170.986883577636,1364.5500000000002
895,SPX,2705.6,SPX190920P01000000,,put,2019-09-20,2018-10-25,1000.0,1.45,1.2,2.15,15,300,0.4342,-0.0041,0.0,-7.4032,31.2849,0.3696037847427558,0.9041095890410958,0.012090825833787178,2735.3383263771907,1.6749999999999998
896,SPX,2705.6,SPX190920P01400000,,put,2019-09-20,2018-10-25,1400.0,6.7,6.2,7.2,2,15,0.3634,-0.0175,0.0,-21.8464,111.0808,0.5174452986398581,0.9041095890410958,0.01102491354175554,2732.7035464372148,6.7
897,SPX,2705.6,SPX190920P01600000,,put,2019-09-20,2018-10-25,1600.0,10.9,11.2,12.7,1,753,0.3315,-0.0319,0.0001,-32.7238,183.2759,0.5913660555884093,0.9041095890410958,0.010242120259932604,2730.7702118841703,11.95
898,SPX,2705.6,SPX190920P01800000,,put,2019-09-20,2018-10-25,1800.0,21.7,19.9,21.8,286,6248,0.3032,-0.0559,0.0001,-46.8299,288.5606,0.6652868125369604,0.9041095890410958,0.010332598014055415,2730.99360295358,20.85
899,SPX,2705.6,SPX190920P01950000,,put,2019-09-20,2018-10-25,1950.0,30.6,29.8,31.9,10,193,0.2829,-0.0828,0.0002,-58.7645,390.4639,0.7207273802483738,0.9041095890410958,0.010267056005709617,2730.8317768282486,30.85
900,SPX,2705.6,SPX190920P01975000,,put,2019-09-20,2018-10-25,1975.0,33.13,31.8,33.9,108,250,0.2795,-0.0881,0.0002,-60.775,409.2176,0.7299674748669427,0.9041095890410958,0.010380984372317409,2731.113077170996,32.85
901,SPX,2705.6,SPX190920P02025000,,put,2019-09-20,2018-10-25,2025.0,35.5,36.0,38.2,165,829,0.2726,-0.0997,0.0002,-64.7303,448.0112,0.7484476641040805,0.9041095890410958,0.010260111689603293,2730.8146315656327,37.1
902,SPX,2705.6,SPX190920P02125000,,put,2019-09-20,2018-10-25,2125.0,47.92,46.1,48.4,1,1916,0.2592,-0.1269,0.0003,-72.6739,532.0873,0.7854080425783561,0.9041095890410958,0.01031805419068487,2730.9576927808157,47.25
903,SPX,2705.6,SPX190920P02175000,,put,2019-09-20,2018-10-25,2175.0,54.12,52.1,54.4,1,8,0.2527,-0.1429,0.0003,-76.5731,577.0082,0.8038882318154938,0.9041095890410958,0.010294212069253815,2730.898825190007,53.25
904,SPX,2705.6,SPX190920C02200000,,call,2019-09-20,2018-10-25,2200.0,574.7,553.3,565.2,1,310,0.2323,0.8465,0.0004,-76.1629,564.2856,0.8131283264340627,0.9041095890410958,-0.006218080729693605,2690.4322616006925,559.25
905,SPX,2705.6,SPX190920P02200000,,put,2019-09-20,2018-10-25,2200.0,57.99,55.3,57.7,8,5665,0.2494,-0.1514,0.0004,-78.4238,599.8744,0.8131283264340627,0.9041095890410958,0.01037177874490931,2731.0903464954486,56.5
906,SPX,2705.6,SPX190920P02275000,,put,2019-09-20,2018-10-25,2275.0,68.0,65.9,68.4,1,261,0.2393,-0.1796,0.0004,-83.4798,669.6364,0.8408486102897694,0.9041095890410958,0.01039339718830894,2731.1437273850265,67.15
907,SPX,2705.6,SPX190920P02325000,,put,2019-09-20,2018-10-25,2325.0,77.1,74.0,76.5,115,2014,0.2326,-0.2009,0.0005,-86.4587,716.9432,0.8593287995269072,0.9041095890410958,0.010361250284480067,2731.0643496923517,75.25
908,SPX,2705.6,SPX190920P02400000,,put,2019-09-20,2018-10-25,2400.0,90.38,87.7,90.3,108,1639,0.2225,-0.2367,0.0005,-90.0722,787.4775,0.8870490833826139,0.9041095890410958,0.010449598477978328,2731.282506127032,89.0
909,SPX,2705.6,SPX190920C02550000,,call,2019-09-20,2018-10-25,2550.0,291.1,282.8,288.5,3,3,0.1931,0.664,0.0007,-104.0825,911.6871,0.9424896510940273,0.9041095890410958,0.0018297873289317666,2710.079654955549,285.65
910,SPX,2705.6,SPX190920P02550000,,put,2019-09-20,2018-10-25,2550.0,114.4,122.3,125.2,1,2187,0.2023,-0.325,0.0007,-93.0714,916.5782,0.9424896510940273,0.9041095890410958,0.010566422136901708,2731.5710032179836,123.75
911,SPX,2705.6,SPX190920P02600000,,put,2019-09-20,2018-10-25,2600.0,127.6,136.4,139.5,1,9738,0.1955,-0.3599,0.0007,-92.3574,951.6526,0.9609698403311651,0.9041095890410958,0.010611422627740272,2731.6821404701655,137.95
912,SPX,2705.6,SPX190920P02650000,,put,2019-09-20,2018-10-25,2650.0,142.7,152.3,155.5,53,4649,0.189,-0.3977,0.0008,-90.7504,980.1691,0.9794500295683028,0.9041095890410958,0.01071527774221246,2731.9386476447526,153.9
913,SPX,2705.6,SPX190920C02675000,,call,2019-09-20,2018-10-25,2675.0,204.5,200.4,204.9,200,19,0.1777,0.5674,0.0008,-104.1994,991.1631,0.9886901241868717,0.9041095890410958,0.0033561804593074222,2713.822218970983,202.65
914,SPX,2705.6,SPX190920P02675000,,put,2019-09-20,2018-10-25,2675.0,160.5,160.7,164.1,239,134,0.1856,-0.4177,0.0008,-89.4341,991.3214,0.9886901241868717,0.9041095890410958,0.010753321326614745,2732.0326158463026,162.39999999999998
915,SPX,2705.6,SPX190920C02700000,,call,2019-09-20,2018-10-25,2700.0,200.0,185.2,189.4,77,1862,0.1746,0.5458,0.0009,-103.3134,1000.2665,0.9979302188054406,0.9041095890410958,0.00359316449490865,2714.403743565019,187.3
916,SPX,2705.6,SPX190920P02700000,,put,2019-09-20,2018-10-25,2700.0,160.0,169.7,173.2,529,6534,0.1823,-0.4384,0.0008,-87.8606,1000.0751,0.9979302188054406,0.9041095890410958,0.010814059388943774,2732.1826464347164,171.45
917,SPX,2705.6,SPX190920C02725000,,call,2019-09-20,2018-10-25,2725.0,173.0,170.5,174.5,70,1143,0.1714,0.5235,0.0009,-102.038,1006.4517,1.0071703134240095,0.9041095890410958,0.003838046895590858,2715.0047805158624,172.5
918,SPX,2705.6,SPX190920P02725000,,put,2019-09-20,2018-10-25,2725.0,178.0,179.1,182.8,70,717,0.179,-0.4598,0.0009,-85.9633,1006.1496,1.0071703134240095,0.9041095890410958,0.010883833772500448,2732.3550080322843,180.95
919,SPX,2705.6,SPX190920C02800000,,call,2019-09-20,2018-10-25,2800.0,132.45,129.4,133.0,500,4136,0.1621,0.4525,0.0009,-96.2342,1004.4337,1.0348905972797162,0.9041095890410958,0.004448609442669548,2716.5039188467913,131.2
920,SPX,2705.6,SPX190920C02900000,,call,2019-09-20,2018-10-25,2900.0,85.0,83.2,86.2,500,8886,0.1506,0.3518,0.0009,-83.8778,944.2414,1.0718509757539918,0.9041095890410958,0.0051460284756584505,2718.2173321503146,84.7
921,SPX,2705.6,SPX190920C02950000,,call,2019-09-20,2018-10-25,2950.0,64.5,64.3,67.0,1,3226,0.1439,0.2988,0.0009,-75.0122,884.4431,1.0903311649911296,0.9041095890410958,0.00541521103583161,2718.878946659047,65.65
922,SPX,2705.6,SPX190920C03050000,,call,2019-09-20,2018-10-25,3050.0,37.3,35.8,38.1,100,6412,0.1343,0.2024,0.0008,-56.8138,720.1237,1.1272915434654052,0.9041095890410958,0.005841378436072599,2719.9267380900546,36.95
923,SPX,2705.6,SPX190920P03075000,,put,2019-09-20,2018-10-25,3075.0,391.25,374.1,387.2,14,89,0.1404,-0.7879,0.0008,-29.665,708.3431,1.136531638083974,0.9041095890410958,0.013697230930586814,2739.3139257643093,380.65
924,SPX,2705.6,SPX190920C03200000,,call,2019-09-20,2018-10-25,3200.0,14.73,13.7,15.3,10,4113,0.1269,0.0995,0.0005,-33.1447,447.5703,1.1827321111768185,0.9041095890410958,0.006158365142223449,2720.7063555642144,14.5
925,SPX,2705.6,SPX190920C03225000,,call,2019-09-20,2018-10-25,3225.0,12.57,11.7,13.2,10,409,0.1261,0.0873,0.0005,-29.862,406.2394,1.1919722057953874,0.9041095890410958,0.006244721276238319,2720.9187841178614,12.45
926,SPX,2705.6,SPX190920C03250000,,call,2019-09-20,2018-10-25,3250.0,10.81,10.0,11.4,10,824,0.1257,0.0768,0.0004,-27.0126,369.0612,1.2012123004139563,0.9041095890410958,0.006238018175023972,2720.902294480096,10.7
927,SPX,2705.6,SPX190920C03300000,,call,2019-09-20,2018-10-25,3300.0,7.9,7.5,8.5,2,4194,0.1257,0.0601,0.0004,-22.2969,305.3261,1.2196924896510941,0.9041095890410958,0.006335042744721322,2721.1409847942678,8.0
928,SPX,2705.6,SPX190920C03600000,,call,2019-09-20,2018-10-25,3600.0,2.3,1.85,2.7,10,850,0.137,0.0186,0.0001,-9.1833,116.704,1.3305736250739209,0.9041095890410958,0.0063136012034472975,2721.08823461865,2.2750000000000004
929,SPX,2705.6,SPX191220P00500000,,put,2019-12-20,2018-10-25,500.0,0.2,0.15,0.2,13,2627,0.5129,-0.0004,0.0,-0.8974,4.0761,0.1848018923713779,1.1534246575342466,0.0057886761211446425,2723.725196714168,0.175
930,SPX,2705.6,SPX191220P00600000,,put,2019-12-20,2018-10-25,600.0,0.35,0.05,0.4,25,639,0.455,-0.0004,0.0,-0.8296,4.2512,0.22176227084565348,1.1534246575342466,0.01112388954227686,2740.5380442794094,0.225
931,SPX,2705.6,SPX191220P00650000,,put,2019-12-20,2018-10-25,650.0,0.45,0.1,0.45,2,1288,0.4444,-0.0006,0.0,-1.1241,5.9017,0.24024246008279126,1.1534246575342466,0.0050580838645023635,2721.430926265337,0.275
932,SPX,2705.6,SPX191220P00700000,,put,2019-12-20,2018-10-25,700.0,0.55,0.25,0.55,10,5343,0.4417,-0.0009,0.0,-1.7377,9.1857,0.25872264931992905,1.1534246575342466,0.014040930402327387,2749.7743520254244,0.4
933,SPX,2705.6,SPX191220P00750000,,put,2019-12-20,2018-10-25,750.0,0.7,0.7,0.75,20,684,0.4476,-0.0017,0.0,-3.0109,15.7202,0.27720283855706684,1.1534246575342466,0.008219735950784332,2731.3733608513876,0.725
934,SPX,2705.6,SPX191220P00800000,,put,2019-12-20,2018-10-25,800.0,0.95,0.5,1.0,10,4571,0.4255,-0.0018,0.0,-2.9779,16.3637,0.29568302779420463,1.1534246575342466,0.006491125296527858,2725.9329135838593,0.75
935,SPX,2705.6,SPX191220P00850000,,put,2019-12-20,2018-10-25,850.0,1.15,1.1,1.15,4,142,0.4252,-0.0027,0.0,-4.3182,23.7655,0.3141632170313424,1.1534246575342466,0.0072588591532905394,2728.3478594010826,1.125
936,SPX,2705.6,SPX191220P00950000,,put,2019-12-20,2018-10-25,950.0,1.93,1.45,2.6,2,721,0.4127,-0.0046,0.0,-6.8013,38.6253,0.351123595505618,1.1534246575342466,0.008290864037066858,2731.597454341194,2.025
937,SPX,2705.6,SPX191220P01000000,,put,2019-12-20,2018-10-25,1000.0,2.25,1.85,3.1,15,4794,0.4041,-0.0056,0.0,-8.0091,46.4886,0.3696037847427558,1.1534246575342466,0.009780449375620934,2736.294712821448,2.475
938,SPX,2705.6,SPX191220P01150000,,put,2019-12-20,2018-10-25,1150.0,4.06,3.6,4.9,2,232,0.3791,-0.0099,0.0,-12.3092,76.3519,0.42504435245416916,1.1534246575342466,0.008885440587562105,2733.4714243481417,4.25
939,SPX,2705.6,SPX191220P01275000,,put,2019-12-20,2018-10-25,1275.0,6.16,5.7,7.1,22,1493,0.3595,-0.015,0.0,-16.7601,109.8872,0.47124482554701363,1.1534246575342466,0.009491553037505027,2735.3830761561258,6.4
940,SPX,2705.6,SPX191220P01300000,,put,2019-12-20,2018-10-25,1300.0,6.64,6.2,7.7,2,1541,0.356,-0.0164,0.0,-17.8183,118.0342,0.48048492016558253,1.1534246575342466,0.008716839157708559,2732.9399004507927,6.95
941,SPX,2705.6,SPX191220P01425000,,put,2019-12-20,2018-10-25,1425.0,10.2,9.3,10.8,1,198,0.3373,-0.0239,0.0001,-23.193,162.5987,0.526685393258427,1.1534246575342466,0.008828748575381906,2733.2926885919287,10.05
942,SPX,2705.6,SPX191220P01500000,,put,2019-12-20,2018-10-25,1500.0,11.8,11.6,13.1,1012,15621,0.3263,-0.0295,0.0001,-26.7368,194.1162,0.5544056771141337,1.1534246575342466,0.009045519810003413,2733.9761772567053,12.35
943,SPX,2705.6,SPX191220P01550000,,put,2019-12-20,2018-10-25,1550.0,14.0,13.1,15.3,5000,2592,0.3195,-0.034,0.0001,-29.3731,218.0826,0.5728858663512715,1.1534246575342466,0.008916638988034298,2733.569790099156,14.2
944,SPX,2705.6,SPX191220P01675000,,put,2019-12-20,2018-10-25,1675.0,19.11,18.5,21.0,13,468,0.3027,-0.0475,0.0001,-36.391,286.2333,0.619086339444116,1.1534246575342466,0.009033109461633201,2733.9370423032387,19.75
945,SPX,2705.6,SPX191220P01800000,,put,2019-12-20,2018-10-25,1800.0,27.0,25.7,28.5,2000,13764,0.2867,-0.0654,0.0002,-44.1151,367.9511,0.6652868125369604,1.1534246575342466,0.008925999583309079,2733.599303904602,27.1
946,SPX,2705.6,SPX191220P02000000,,put,2019-12-20,2018-10-25,2000.0,40.5,41.7,44.9,703,16663,0.2614,-0.105,0.0002,-56.842,524.6697,0.7392075694855116,1.1534246575342466,0.008964081455552338,2733.7193787169076,43.3
947,SPX,2705.6,SPX191220P02150000,,put,2019-12-20,2018-10-25,2150.0,59.5,58.7,62.1,11,14108,0.2429,-0.1465,0.0003,-65.9991,661.6058,0.794648137196925,1.1534246575342466,0.009049487831414724,2733.988690185066,60.400000000000006
948,SPX,2705.6,SPX191220P02200000,,put,2019-12-20,2018-10-25,2200.0,61.8,65.6,69.1,2200,16242,0.2368,-0.1631,0.0004,-68.7891,709.9626,0.8131283264340627,1.1534246575342466,0.009088659859326175,2734.1122200058967,67.35
949,SPX,2705.6,SPX191220P02225000,,put,2019-12-20,2018-10-25,2225.0,69.0,69.3,72.7,1,985,0.2337,-0.172,0.0004,-70.08,734.3527,0.8223684210526316,1.1534246575342466,0.009054473057706118,2734.004410891956,71.0
950,SPX,2705.6,SPX191220P02250000,,put,2019-12-20,2018-10-25,2250.0,71.0,73.2,76.6,1102,7852,0.2307,-0.1813,0.0004,-71.3587,759.084,0.8316085156712005,1.1534246575342466,0.009089738157762296,2734.115620521819,74.9
951,SPX,2705.6,SPX191220P02325000,,put,2019-12-20,2018-10-25,2325.0,85.46,86.0,89.5,13,3652,0.2216,-0.2118,0.0004,-74.7103,833.3131,0.8593287995269072,1.1534246575342466,0.009117179327991609,2734.202160266274,87.75
952,SPX,2705.6,SPX191220P02400000,,put,2019-12-20,2018-10-25,2400.0,105.57,100.7,104.3,9,15718,0.2126,-0.2465,0.0005,-77.2989,906.4592,0.8870490833826139,1.1534246575342466,0.009196122491935334,2734.451134356651,102.5
953,SPX,2705.6,SPX191220P02450000,,put,2019-12-20,2018-10-25,2450.0,109.1,111.7,115.4,50,7319,0.2065,-0.2721,0.0005,-78.4155,953.1721,0.9055292726197517,1.1534246575342466,0.009253699290375061,2734.632736651118,113.55000000000001
954,SPX,2705.6,SPX191220P02500000,,put,2019-12-20,2018-10-25,2500.0,121.0,123.8,127.5,1451,30459,0.2004,-0.2999,0.0006,-78.9984,997.2878,0.9240094618568895,1.1534246575342466,0.009304534506832562,2734.7930854272126,125.65
955,SPX,2705.6,SPX191220P02575000,,put,2019-12-20,2018-10-25,2575.0,145.5,144.2,148.2,127,6940,0.1914,-0.3459,0.0007,-78.7668,1056.1271,0.9517297457125962,1.1534246575342466,0.009437073715600666,2735.2111961203736,146.2
956,SPX,2705.6,SPX191220C02600000,,call,2019-12-20,2018-10-25,2600.0,279.5,271.3,278.2,1,4176,0.1892,0.6159,0.0007,-91.0242,1073.2682,0.9609698403311651,1.1534246575342466,-0.0004929152247486954,2704.0621938162044,274.75
957,SPX,2705.6,SPX191220P02600000,,put,2019-12-20,2018-10-25,2600.0,150.4,151.6,155.7,1200,22210,0.1884,-0.3624,0.0007,-78.3348,1073.0757,0.9609698403311651,1.1534246575342466,0.009493968044320268,2735.390695654006,153.64999999999998
958,SPX,2705.6,SPX191220P02650000,,put,2019-12-20,2018-10-25,2650.0,160.0,167.6,171.9,428,14734,0.1823,-0.3973,0.0007,-76.8302,1101.8223,0.9794500295683028,1.1534246575342466,0.009572506452033495,2735.638500822346,169.75
959,SPX,2705.6,SPX191220C02700000,,call,2019-12-20,2018-10-25,2700.0,220.77,208.9,214.7,471,6989,0.1776,0.5442,0.0007,-89.8222,1122.2382,0.9979302188054406,1.1534246575342466,0.000791919167387526,2708.07247573328,211.8
960,SPX,2705.6,SPX191220P02700000,,put,2019-12-20,2018-10-25,2700.0,185.5,185.0,189.5,1660,19296,0.1762,-0.4345,0.0008,-74.4641,1122.2995,0.9979302188054406,1.1534246575342466,0.009739212987170927,2736.1645693471078,187.25
961,SPX,2705.6,SPX191220C02725000,,call,2019-12-20,2018-10-25,2725.0,198.0,194.4,199.8,330,3604,0.1747,0.5248,0.0008,-88.9636,1128.7643,1.0071703134240095,1.1534246575342466,0.0010529040963672635,2708.8877998942157,197.10000000000002
962,SPX,2705.6,SPX191220P02725000,,put,2019-12-20,2018-10-25,2725.0,191.0,194.4,199.1,330,6955,0.1732,-0.4541,0.0008,-72.9565,1128.849,1.0071703134240095,1.1534246575342466,0.009791151900354495,2736.328491373049,196.75
963,SPX,2705.6,SPX191220C02750000,,call,2019-12-20,2018-10-25,2750.0,195.8,180.2,185.4,1545,7790,0.1717,0.5048,0.0008,-87.8183,1132.5561,1.0164104080425784,1.1534246575342466,0.0012952389544392852,2709.6450805001605,182.8
964,SPX,2705.6,SPX191220P02750000,,put,2019-12-20,2018-10-25,2750.0,199.5,204.1,209.1,7,11504,0.1701,-0.4742,0.0008,-71.1594,1132.616,1.0164104080425784,1.1534246575342466,0.009895033119629136,2736.6563755967436,206.6
965,SPX,2705.6,SPX191220C02800000,,call,2019-12-20,2018-10-25,2800.0,151.77,153.3,158.2,4,11162,0.1661,0.4635,0.0008,-84.9689,1130.9911,1.0348905972797162,1.1534246575342466,0.0017693682836499823,2711.1273160287697,155.75
966,SPX,2705.6,SPX191220P02800000,,put,2019-12-20,2018-10-25,2800.0,229.91,225.1,230.6,4,16858,0.1642,-0.5161,0.0008,-66.9475,1130.7766,1.0348905972797162,1.1534246575342466,0.010081191016445007,2737.2440511039827,227.85
967,SPX,2705.6,SPX191220C02850000,,call,2019-12-20,2018-10-25,2850.0,135.6,128.5,133.0,9,7895,0.1606,0.4206,0.0008,-81.1519,1115.8491,1.053370786516854,1.1534246575342466,0.002221670459632147,2712.5420706171317,130.75
968,SPX,2705.6,SPX191220P02850000,,put,2019-12-20,2018-10-25,2850.0,244.0,248.1,254.2,7,6919,0.1582,-0.56,0.0008,-61.6459,1114.7916,1.053370786516854,1.1534246575342466,0.010327204079154597,2738.020874931655,251.14999999999998
969,SPX,2705.6,SPX191220C02875000,,call,2019-12-20,2018-10-25,2875.0,125.14,116.9,121.3,50,4354,0.1579,0.3986,0.0008,-78.8864,1102.7312,1.062610881135423,1.1534246575342466,0.0024037440220941453,2713.1117863427417,119.1
970,SPX,2705.6,SPX191220C02900000,,call,2019-12-20,2018-10-25,2900.0,106.91,105.8,110.1,4,27545,0.1553,0.3765,0.0008,-76.4229,1085.7905,1.0718509757539918,1.1534246575342466,0.002593857676382396,2713.706787549415,107.94999999999999
971,SPX,2705.6,SPX191220P02900000,,put,2019-12-20,2018-10-25,2900.0,273.84,273.2,280.2,4,12252,0.1523,-0.6055,0.0008,-55.3426,1082.8777,1.0718509757539918,1.1534246575342466,0.010610212203026643,2738.914789002827,276.7
972,SPX,2705.6,SPX191220P02925000,,put,2019-12-20,2018-10-25,2925.0,286.0,286.7,294.2,30,5940,0.1495,-0.6284,0.0008,-51.8871,1060.6637,1.0810910703725607,1.1534246575342466,0.010818955650143512,2739.574316469594,290.45
973,SPX,2705.6,SPX191220C02950000,,call,2019-12-20,2018-10-25,2950.0,93.2,85.8,89.8,8,5789,0.1502,0.3319,0.0008,-70.836,1040.0622,1.0903311649911296,1.1534246575342466,0.0029071990820904656,2714.687741052642,87.8
974,SPX,2705.6,SPX191220P02950000,,put,2019-12-20,2018-10-25,2950.0,301.82,300.8,308.7,6,1938,0.1467,-0.6515,0.0008,-48.1904,1034.075,1.0903311649911296,1.1534246575342466,0.011031017743566872,2740.2444918608276,304.75
975,SPX,2705.6,SPX191220C02975000,,call,2019-12-20,2018-10-25,2975.0,82.57,76.7,80.6,750,2297,0.1472,0.3089,0.0008,-67.4521,1010.2029,1.0995712596096985,1.1534246575342466,0.003071118822950197,2715.2010530659845,78.65
976,SPX,2705.6,SPX191220P02975000,,put,2019-12-20,2018-10-25,2975.0,314.0,315.5,324.0,330,838,0.144,-0.6745,0.0008,-44.3235,1003.2741,1.0995712596096985,1.1534246575342466,0.01127158852658065,2741.004961153278,319.75
977,SPX,2705.6,SPX191220C03000000,,call,2019-12-20,2018-10-25,3000.0,77.78,68.2,72.0,7,18627,0.1447,0.2867,0.0008,-64.1454,977.1755,1.1088113542282674,1.1534246575342466,0.0032188746806865436,2715.6638313166195,70.1
978,SPX,2705.6,SPX191220P03000000,,put,2019-12-20,2018-10-25,3000.0,330.13,330.8,339.8,2,1459,0.1412,-0.6977,0.0008,-40.1902,967.8627,1.1088113542282674,1.1534246575342466,0.011503911474496425,2741.73955849484,335.3
979,SPX,2705.6,SPX191220C03050000,,call,2019-12-20,2018-10-25,3050.0,56.1,53.3,56.8,50,1028,0.1403,0.244,0.0008,-57.3833,901.6963,1.1272915434654052,1.1534246575342466,0.0034428400761135573,2716.3654517960867,55.05
980,SPX,2705.6,SPX191220P03075000,,put,2019-12-20,2018-10-25,3075.0,370.93,380.8,391.5,28,150,0.1335,-0.7642,0.0007,-27.2107,839.2252,1.136531638083974,1.1534246575342466,0.012562392699244676,2745.088933120578,386.15
981,SPX,2705.6,SPX191220P03100000,,put,2019-12-20,2018-10-25,3100.0,387.38,394.8,413.0,12,239,0.1302,-0.7869,0.0007,-22.1819,785.4342,1.145771732702543,1.1534246575342466,0.01303625853663892,2746.589722479019,403.9
982,SPX,2705.6,SPX191220C03150000,,call,2019-12-20,2018-10-25,3150.0,30.6,31.2,34.1,2200,3324,0.1332,0.1684,0.0006,-43.7293,724.5927,1.1642519219396807,1.1534246575342466,0.0038516206634813498,2717.64651359681,32.65
983,SPX,2705.6,SPX191220C03200000,,call,2019-12-20,2018-10-25,3200.0,27.88,23.6,26.2,1,7949,0.1309,0.1377,0.0006,-37.5945,634.5212,1.1827321111768185,1.1534246575342466,0.0039961813430307615,2718.099691355443,24.9
984,SPX,2705.6,SPX191220C03250000,,call,2019-12-20,2018-10-25,3250.0,21.11,17.9,20.1,3,2531,0.1294,0.112,0.0005,-32.1613,549.7703,1.2012123004139563,1.1534246575342466,0.004065762227444782,2718.317844754815,19.0
985,SPX,2705.6,SPX191220C03300000,,call,2019-12-20,2018-10-25,3300.0,13.28,13.6,15.7,2,12351,0.1283,0.0905,0.0004,-27.2833,470.9659,1.2196924896510941,1.1534246575342466,0.004148343074454743,2718.5767789955494,14.649999999999999
986,SPX,2705.6,SPX191220C03400000,,call,2019-12-20,2018-10-25,3400.0,8.0,8.1,9.5,1,3661,0.1271,0.0583,0.0003,-19.2779,336.7499,1.2566528681253697,1.1534246575342466,0.004278555077171562,2718.9851119835303,8.8
987,SPX,2705.6,SPX191220C03500000,,call,2019-12-20,2018-10-25,3500.0,6.0,5.1,6.5,100,13402,0.1293,0.0402,0.0002,-14.5355,250.2831,1.2936132465996453,1.1534246575342466,0.004343530727149587,2719.1888926450256,5.8
988,SPX,2705.6,SPX200117P02000000,,put,2020-01-17,2018-10-25,2000.0,45.8,43.6,45.2,160,1,0.2575,-0.1055,0.0002,-53.4368,544.2485,0.7392075694855116,1.2301369863013698,0.01160149643054717,2744.489625837138,44.400000000000006
989,SPX,2705.6,SPX200117C02700000,,call,2020-01-17,2018-10-25,2700.0,223.0,215.9,224.4,200,26,0.1741,0.554,0.0007,-89.8517,1157.7415,0.9979302188054406,1.2301369863013698,0.004472987524471266,2720.528292290071,220.15
990,SPX,2705.6,SPX200117P02700000,,put,2020-01-17,2018-10-25,2700.0,181.8,188.0,194.1,1,51,0.1784,-0.4265,0.0007,-69.188,1157.5954,0.9979302188054406,1.2301369863013698,0.012206432845406474,2746.5327106680675,191.05
991,SPX,2705.6,SPX200117P03075000,,put,2020-01-17,2018-10-25,3075.0,371.58,380.3,392.6,14,1,0.1399,-0.7367,0.0007,-26.0105,932.3461,1.136531638083974,1.2301369863013698,0.014381908996247686,2753.892643036198,386.45000000000005
992,SPX,2705.6,SPX200117P03100000,,put,2020-01-17,2018-10-25,3100.0,387.58,398.1,410.5,12,0,0.138,-0.7563,0.0007,-22.0423,890.6636,1.145771732702543,1.2301369863013698,0.014692639845022224,2754.9454963273674,404.3
993,SPX,2705.6,SPX200619P02400000,,put,2020-06-19,2018-10-25,2400.0,127.0,125.3,130.5,250,806,0.2075,-0.2545,0.0004,-59.7048,1101.3315,0.8870490833826139,1.652054794520548,0.012535821970666505,2762.216850273492,127.9
994,SPX,2705.6,SPX200619P02500000,,put,2020-06-19,2018-10-25,2500.0,151.3,150.5,156.2,150,3409,0.1979,-0.3014,0.0005,-60.2646,1194.1553,0.9240094618568895,1.652054794520548,0.012700765773967386,2762.969646434111,153.35
995,SPX,2705.6,SPX200619C02800000,,call,2020-06-19,2018-10-25,2800.0,203.57,199.6,209.0,2,1663,0.1679,0.4952,0.0007,-76.1647,1351.6815,1.0348905972797162,1.652054794520548,0.005092488415732892,2728.458421854762,204.3
996,SPX,2705.6,SPX200619P02800000,,put,2020-06-19,2018-10-25,2800.0,254.33,252.7,261.7,2,2520,0.1696,-0.479,0.0007,-51.1037,1351.626,1.0348905972797162,1.652054794520548,0.01332637135373097,2765.8267476341994,257.2
997,SPX,2705.6,SPX200619C02850000,,call,2020-06-19,2018-10-25,2850.0,182.0,174.7,183.3,22,655,0.1636,0.4605,0.0007,-74.0068,1348.6877,1.053370786516854,1.652054794520548,0.005467422949314373,2730.1489863415677,179.0
998,SPX,2705.6,SPX200619P02850000,,put,2020-06-19,2018-10-25,2850.0,274.5,274.4,284.4,22,683,0.165,-0.5136,0.0007,-47.6681,1348.9069,1.053370786516854,1.652054794520548,0.013483523420589368,2766.544915377847,279.4
999,SPX,2705.6,SPX200619C03800000,,call,2020-06-19,2018-10-25,3800.0,5.1,3.9,6.5,20,815,0.1303,0.0311,0.0002,-10.2194,242.339,1.404494382022472,1.652054794520548,0.008068470953560593,2741.9058801218926,5.2
1000,SPX,2705.6,SPX201218P00400000,,put,2020-12-18,2018-10-25,400.0,0.35,0.2,0.4,3,531,0.2968,0.0,0.0,-0.0021,0.0312,0.14784151389710232,2.1506849315068495,inf,inf,0.30000000000000004
1001,SPX,2705.6,SPX201218P00500000,,put,2020-12-18,2018-10-25,500.0,0.65,0.5,0.65,53,724,0.2968,0.0,0.0,-0.02,0.2968,0.1848018923713779,2.1506849315068495,inf,inf,0.575
1002,SPX,2705.6,SPX201218P00600000,,put,2020-12-18,2018-10-25,600.0,1.1,0.4,1.1,28,371,0.2968,-0.0001,0.0,-0.1035,1.5369,0.22176227084565348,2.1506849315068495,0.008311674339256322,2754.3996112909263,0.75
1003,SPX,2705.6,SPX201218P00650000,,put,2020-12-18,2018-10-25,650.0,1.25,0.15,1.25,16,237,0.2968,-0.0002,0.0,-0.2012,2.9929,0.24024246008279126,2.1506849315068495,0.009315927767408881,2760.3550827784657,0.7
1004,SPX,2705.6,SPX201218P00700000,,put,2020-12-18,2018-10-25,700.0,1.45,0.55,1.6,8,173,0.2968,-0.0004,0.0,-0.3613,5.3824,0.25872264931992905,2.1506849315068495,0.005869532823858797,2739.970667255405,1.0750000000000002
1005,SPX,2705.6,SPX201218P00850000,,put,2020-12-18,2018-10-25,850.0,1.65,2.2,5.3,10,20,0.2968,-0.0017,0.0,-1.4578,21.8268,0.3141632170313424,2.1506849315068495,0.01038681500264816,2766.719896573502,3.75
1006,SPX,2705.6,SPX201218P01000000,,put,2020-12-18,2018-10-25,1000.0,5.43,3.7,6.1,200,6571,0.2968,-0.0053,0.0,-4.0154,60.4551,0.3696037847427558,2.1506849315068495,0.010376058695323091,2766.655893598056,4.9
1007,SPX,2705.6,SPX201218P01300000,,put,2020-12-18,2018-10-25,1300.0,13.1,12.8,16.0,1,1923,0.2968,-0.0254,0.0,-15.2888,233.248,0.48048492016558253,2.1506849315068495,0.01044089682815743,2767.041720689855,14.4
1008,SPX,2705.6,SPX201218P01600000,,put,2020-12-18,2018-10-25,1600.0,29.8,28.0,32.8,3,2206,0.2693,-0.0564,0.0001,-26.1366,446.4448,0.5913660555884093,2.1506849315068495,0.010672612713485831,2768.4210136734096,30.4
1009,SPX,2705.6,SPX201218P01700000,,put,2020-12-18,2018-10-25,1700.0,38.0,35.8,40.8,5,1700,0.26,-0.0708,0.0001,-29.9054,532.5373,0.6283264340626848,2.1506849315068495,0.010723109622872373,2768.72168866728,38.3
1010,SPX,2705.6,SPX201218P01800000,,put,2020-12-18,2018-10-25,1800.0,46.4,45.1,50.3,1,3473,0.2509,-0.0878,0.0002,-33.6859,626.1985,0.6652868125369604,2.1506849315068495,0.01075527399735196,2768.9132228205926,47.7
1011,SPX,2705.6,SPX201218P02000000,,put,2020-12-18,2018-10-25,2000.0,70.2,69.3,74.6,76,7020,0.2335,-0.1309,0.0002,-40.9681,833.2677,0.7392075694855116,2.1506849315068495,0.010904998880830692,2769.804987048225,71.94999999999999
1012,SPX,2705.6,SPX201218P02100000,,put,2020-12-18,2018-10-25,2100.0,83.0,84.4,89.8,10,2835,0.2248,-0.1574,0.0003,-44.1114,942.541,0.7761679479597872,2.1506849315068495,0.011001081516401855,2770.3774083215058,87.1
1013,SPX,2705.6,SPX201218P02350000,,put,2020-12-18,2018-10-25,2350.0,134.0,133.8,139.5,200,1224,0.2039,-0.2415,0.0004,-49.6434,1215.7439,0.8685688941454761,2.1506849315068495,0.011226597348387025,2771.7214046710956,136.65
1014,SPX,2705.6,SPX201218P02500000,,put,2020-12-18,2018-10-25,2500.0,175.0,172.8,179.2,101,9201,0.1916,-0.3052,0.0005,-50.4142,1360.4296,0.9240094618568895,2.1506849315068495,0.011463064094786618,2773.1313649633844,176.0
1015,SPX,2705.6,SPX201218P02550000,,put,2020-12-18,2018-10-25,2550.0,184.48,187.6,194.3,300,3585,0.1875,-0.3288,0.0005,-50.0981,1401.8211,0.9424896510940273,2.1506849315068495,0.011550083924321983,2773.6504112682255,190.95
1016,SPX,2705.6,SPX201218P02650000,,put,2020-12-18,2018-10-25,2650.0,215.59,220.2,227.7,151,1872,0.1793,-0.3795,0.0005,-48.4707,1469.9029,0.9794500295683028,2.1506849315068495,0.011780439316753617,2775.024878788092,223.95
1017,SPX,2705.6,SPX201218C02700000,,call,2020-12-18,2018-10-25,2700.0,300.0,294.9,307.0,150,1621,0.1845,0.5578,0.0005,-67.5221,1493.9218,0.9979302188054406,2.1506849315068495,0.000308180105986558,2707.393861526426,300.95
1018,SPX,2705.6,SPX201218P02700000,,put,2020-12-18,2018-10-25,2700.0,232.92,238.1,246.0,451,9154,0.1752,-0.4066,0.0005,-47.1169,1494.9259,0.9979302188054406,2.1506849315068495,0.011918988609812942,2775.851892468583,242.05
1019,SPX,2705.6,SPX201218C02750000,,call,2020-12-18,2018-10-25,2750.0,277.4,267.5,279.5,1,4363,0.1807,0.531,0.0005,-67.0929,1511.3837,1.0164104080425784,2.1506849315068495,0.0008264127596551048,2710.413083555135,273.5
1020,SPX,2705.6,SPX201218C02900000,,call,2020-12-18,2018-10-25,2900.0,188.0,193.8,203.7,50,2596,0.1696,0.4459,0.0006,-63.6194,1517.4438,1.0718509757539918,2.1506849315068495,0.0021494660581402227,2718.1364679415433,198.75
1021,SPX,2705.6,SPX201218P02900000,,put,2020-12-18,2018-10-25,2900.0,326.63,321.2,332.4,52,3097,0.1586,-0.5261,0.0006,-37.641,1513.7791,1.0718509757539918,2.1506849315068495,0.012605421971802921,2779.9529142868537,326.79999999999995
1022,SPX,2705.6,SPX201218C03000000,,call,2020-12-18,2018-10-25,3000.0,152.1,151.7,160.1,4,2577,0.1628,0.3869,0.0006,-59.6047,1477.4653,1.1088113542282674,2.1506849315068495,0.0028685451789341697,2722.3433524799016,155.89999999999998
1023,SPX,2705.6,SPX201218P03000000,,put,2020-12-18,2018-10-25,3000.0,376.5,371.4,383.5,8,2111,0.1502,-0.5912,0.0006,-30.3538,1461.5892,1.1088113542282674,2.1506849315068495,0.013124638208750488,2783.0589396812425,377.45
1024,SPX,2705.6,SPX201218C03125000,,call,2020-12-18,2018-10-25,3125.0,105.5,107.4,114.5,5,429,0.1542,0.3121,0.0006,-52.5792,1373.1961,1.1550118273211119,2.1506849315068495,0.0036059116732157434,2726.6639866697506,110.95
1025,SPX,2705.6,SPX201218C03175000,,call,2020-12-18,2018-10-25,3175.0,90.5,92.4,99.0,10,274,0.1512,0.2832,0.0006,-49.4262,1316.0846,1.1734920165582496,2.1506849315068495,0.003842506702550463,2728.0517791463158,95.7
1026,SPX,2705.6,SPX201218C03200000,,call,2020-12-18,2018-10-25,3200.0,85.0,85.5,91.8,16,907,0.1497,0.269,0.0005,-47.7594,1284.3143,1.1827321111768185,2.1506849315068495,0.003965300651234712,2728.772328469344,88.65
1027,SPX,2705.6,SPX201218C03250000,,call,2020-12-18,2018-10-25,3250.0,76.5,72.7,78.7,10,693,0.1469,0.2415,0.0005,-44.3641,1215.7327,1.2012123004139563,2.1506849315068495,0.004186285688498725,2730.0695381203313,75.7
1028,SPX,2705.6,SPX201218C03400000,,call,2020-12-18,2018-10-25,3400.0,44.45,43.1,48.1,1000,4025,0.1398,0.1679,0.0004,-34.0755,982.2419,1.2566528681253697,2.1506849315068495,0.0046982047337522665,2733.0769359682868,45.6
1029,SPX,2705.6,SPX201218C03500000,,call,2020-12-18,2018-10-25,3500.0,31.26,29.6,34.1,1,2819,0.1364,0.1284,0.0004,-27.7969,822.4541,1.2936132465996453,2.1506849315068495,0.0049273417531306325,2734.424132400103,31.85
1030,SPX,2705.6,SPX201218P03500000,,put,2020-12-18,2018-10-25,3500.0,721.01,710.0,729.5,1,99,0.1098,-0.8887,0.0003,20.9615,553.3351,1.2936132465996453,2.1506849315068495,0.02235703823195619,2838.871586161606,719.75
1031,SPX,2705.6,SPX201218C04000000,,call,2020-12-18,2018-10-25,4000.0,6.58,5.0,8.6,6,655,0.1344,0.034,0.0001,-9.7908,297.3148,1.4784151389710232,2.1506849315068495,0.0055036687986351265,2737.815546740366,6.8
1032,SPX,2705.6,SPX201218P04000000,,put,2020-12-18,2018-10-25,4000.0,1188.6,1152.2,1170.0,1,35,0.1098,-0.9515,0.0001,44.6099,120.4091,1.4784151389710232,2.1506849315068495,0.051506764956148525,3022.542976982845,1161.1
